Channel 1
8.5
8.43
8.32
8.25
8.17
8.09
7.97
7.94
7.82
7.78
7.72
7.7
7.67
7.56
7.49
7.38
7.31
7.21
7.1
6.97
6.84
6.7
6.59
6.46
6.3
6.2
6.03
5.95
5.85
5.8
5.7
5.63
5.56
5.49
5.43
5.33
5.22
5.09
4.98
4.84
4.74
4.57
4.46
4.35
4.23
4.1
3.93
3.81
3.65
3.55
3.43
3.36
3.23
3.18
3.07
3.03
3
2.95
2.92
2.84
2.82
2.74
2.68
2.56
2.42
2.25
2.11
1.95
1.81
1.69
1.5
1.36
1.17
1.04
0.84
0.68
0.5
0.36
0.25
0.15
0.07
-0.04
-0.1
-0.21
-0.28
-0.42
-0.51
-0.66
-0.82
-0.97
-1.11
-1.24
-1.37
-1.47
-1.65
-1.78
-1.94
-2.02
-2.1
-2.14
-2.17
-2.2
-2.18
-2.21
-2.23
-2.33
-2.41
-2.52
-2.6
-2.73
-2.85
-2.97
-3.1
-3.22
-3.33
-3.36
-3.4
-3.38
-3.39
-3.34
-3.32
-3.32
-3.3
-3.3
-3.23
-3.22
-3.24
-3.21
-3.24
-3.25
-3.27
-3.29
-3.26
-3.26
-3.2
-3.15
-3.1
-3.01
-2.96
-2.91
-2.88
-2.86
-2.8
-2.81
-2.81
-2.8
-2.82
-2.8
-2.84
-2.85
-2.87
-2.91
-2.9
-2.87
-2.86
-2.81
-2.81
-2.75
-2.7
-2.68
-2.62
-2.62
-2.6
-2.55
-2.52
-2.46
-2.44
-2.43
-2.4
-2.43
-2.4
-2.37
-2.4
-2.37
-2.38
-2.35
-2.34
-2.31
-2.28
-2.3
-2.27
-2.23
-2.21
-2.16
-2.12
-2.1
-2.09
-2.12
-2.07
-2.05
-1.97
-1.85
-1.74
-1.63
-1.56
-1.49
-1.42
-1.41
-1.38
-1.42
-1.46
-1.42
-1.45
-1.44
-1.49
-1.6
-1.65
-1.74
-1.76
-1.73
-1.71
-1.62
-1.58
-1.57
-1.52
-1.54
-1.52
-1.54
-1.58
-1.57
-1.61
-1.61
-1.66
-1.72
-1.71
-1.72
-1.71
-1.71
-1.71
-1.69
-1.68
-1.68
-1.67
-1.7
-1.69
-1.71
-1.73
-1.72
-1.8
-1.83
-1.96
-2.07
-2.13
-2.22
-2.26
-2.25
-2.24
-2.17
-2.12
-2.08
-2.06
-2.1
-2.09
-2.12
-2.14
-2.13
-2.15
-2.12
-2.14
-2.18
-2.19
-2.26
-2.3
-2.38
-2.44
-2.44
-2.48
-2.45
-2.43
-2.46
-2.47
-2.49
-2.51
-2.56
-2.63
-2.64
-2.67
-2.73
-2.72
-2.79
-2.82
-2.88
-2.94
-2.97
-3
-2.95
-2.93
-2.87
-2.82
-2.7
-2.65
-2.58
-2.54
-2.5
-2.45
-2.45
-2.43
-2.49
-2.54
-2.65
-2.7
-2.8
-2.81
-2.85
-2.88
-2.87
-2.86
-2.83
-2.87
-2.84
-2.84
-2.77
-2.73
-2.68
-2.7
-2.71
-2.72
-2.78
-2.8
-2.9
-2.92
-2.95
-2.9
-2.85
-2.78
-2.78
-2.79
-2.77
-2.81
-2.8
-2.83
-2.83
-2.89
-2.92
-2.99
-3.01
-3.08
-3.12
-3.15
-3.17
-3.13
-3.12
-3.07
-3.09
-3.04
-3.02
-2.96
-2.98
-2.97
-3
-3.06
-3.11
-3.25
-3.34
-3.48
-3.54
-3.61
-3.6
-3.64
-3.66
-3.68
-3.7
-3.7
-3.74
-3.69
-3.75
-3.73
-3.76
-3.77
-3.85
-3.89
-3.98
-4.07
-4.12
-4.19
-4.21
-4.26
-4.25
-4.28
-4.24
-4.25
-4.25
-4.26
-4.27
-4.27
-4.31
-4.33
-4.4
-4.41
-4.46
-4.44
-4.44
-4.41
-4.42
-4.39
-4.38
-4.38
-4.32
-4.31
-4.21
-4.12
-3.98
-3.89
-3.76
-3.68
-3.57
-3.47
-3.37
-3.23
-3.18
-3.07
-3
-2.87
-2.81
-2.69
-2.58
-2.4
-2.21
-2.04
-1.84
-1.72
-1.53
-1.36
-1.13
-0.97
-0.78
-0.63
-0.46
-0.27
-0.11
0.07
0.22
0.44
0.65
0.89
1.1
1.36
1.52
1.69
1.84
1.97
2.13
2.26
2.43
2.55
2.75
2.91
3.11
3.26
3.38
3.48
3.6
3.78
3.97
4.16
4.36
4.63
4.86
5.15
5.39
5.63
5.83
5.98
6.18
6.33
6.48
6.55
6.62
6.64
6.68
6.7
6.76
6.75
6.76
6.81
6.8
6.86
6.87
6.97
7
7.07
7.11
7.17
7.24
7.33
7.4
7.47
7.57
7.6
7.66
7.61
7.63
7.63
7.63
7.61
7.56
7.56
7.54
7.56
7.57
7.62
7.62
7.68
7.68
7.72
7.73
7.75
7.71
7.6
7.55
7.44
7.4
7.3
7.2
7.06
6.99
6.9
6.84
6.75
6.63
6.58
6.49
6.48
6.44
6.42
6.33
6.24
6.15
6.09
6.05
5.97
5.85
5.68
5.56
5.41
5.32
5.17
5.06
4.92
4.79
4.64
4.47
4.34
4.18
4.1
4.01
3.96
3.89
3.88
3.77
3.71
3.59
3.43
3.32
3.15
3.03
2.88
2.72
2.55
2.41
2.27
2.15
1.95
1.81
1.71
1.58
1.53
1.41
1.34
1.2
1.11
0.96
0.81
0.67
0.52
0.4
0.27
0.2
0.07
-0.04
-0.2
-0.31
-0.46
-0.61
-0.79
-0.94
-1.07
-1.2
-1.28
-1.41
-1.47
-1.58
-1.69
-1.85
-2
-2.22
-2.39
-2.57
-2.74
-2.87
-3.04
-3.19
-3.34
-3.43
-3.55
-3.6
-3.7
-3.76
-3.82
-3.88
-3.88
-3.91
-3.91
-4.01
-4.04
-4.14
-4.23
-4.33
-4.39
-4.43
-4.47
-4.44
-4.47
-4.45
-4.46
-4.43
-4.43
-4.39
-4.4
-4.4
-4.43
-4.46
-4.46
-4.49
-4.51
-4.53
-4.6
-4.63
-4.67
-4.74
-4.78
-4.83
-4.79
-4.75
-4.66
-4.54
-4.45
-4.34
-4.27
-4.25
-4.23
-4.22
-4.19
-4.17
-4.16
-4.09
-4.06
-3.98
-3.94
-3.92
-3.88
-3.85
-3.75
-3.63
-3.54
-3.43
-3.37
-3.32
-3.26
-3.26
-3.23
-3.23
-3.24
-3.15
-3.1
-3.01
-2.94
-2.89
-2.78
-2.69
-2.6
-2.48
-2.38
-2.26
-2.17
-2.15
-2.08
-2.09
-2.06
-2.08
-2.11
-2.11
-2.18
-2.24
-2.3
-2.37
-2.4
-2.45
-2.43
-2.39
-2.35
-2.26
-2.25
-2.21
-2.19
-2.19
-2.15
-2.16
-2.18
-2.15
-2.14
-2.1
-2.08
-2.09
-2.08
-2.07
-2.02
-1.97
-1.94
-1.84
-1.8
-1.76
-1.72
-1.74
-1.75
-1.84
-1.93
-1.97
-2.06
-2.09
-2.14
-2.21
-2.22
-2.26
-2.25
-2.23
-2.22
-2.14
-2.1
-2.05
-2.03
-2.05
-2.05
-2.08
-2.13
-2.13
-2.18
-2.18
-2.22
-2.27
-2.29
-2.37
-2.41
-2.48
-2.52
-2.51
-2.52
-2.5
-2.51
-2.53
-2.53
-2.61
-2.7
-2.75
-2.84
-2.86
-2.9
-2.93
-2.95
-3.03
-3.04
-3.08
-3.11
-3.07
-3.04
-3.01
-2.99
-3.02
-3.01
-3.06
-3.07
-3.13
-3.16
-3.17
-3.2
-3.16
-3.24
-3.3
-3.43
-3.49
-3.56
-3.58
-3.61
-3.58
-3.56
-3.55
-3.52
-3.59
-3.6
-3.68
-3.7
-3.75
-3.71
-3.74
-3.72
-3.73
-3.78
-3.78
-3.84
-3.86
-3.94
-3.94
-4
-4.03
-4.1
-4.16
-4.23
-4.24
-4.26
-4.32
-4.28
-4.33
-4.33
-4.36
-4.35
-4.38
-4.36
-4.37
-4.39
-4.39
-4.4
-4.33
-4.3
-4.25
-4.26
-4.23
-4.27
-4.25
-4.29
-4.3
-4.31
-4.34
-4.31
-4.33
-4.32
-4.37
-4.37
-4.38
-4.36
-4.35
-4.32
-4.27
-4.3
-4.27
-4.28
-4.29
-4.33
-4.34
-4.4
-4.4
-4.43
-4.46
-4.46
-4.52
-4.55
-4.67
-4.68
-4.74
-4.74
-4.76
-4.73
-4.73
-4.68
-4.64
-4.67
-4.66
-4.71
-4.68
-4.68
-4.65
-4.68
-4.66
-4.67
-4.68
-4.66
-4.68
-4.64
-4.64
-4.58
-4.58
-4.52
-4.5
-4.44
-4.42
-4.37
-4.37
-4.39
-4.39
-4.47
-4.51
-4.59
-4.64
-4.75
-4.79
-4.84
-4.84
-4.82
-4.82
-4.79
-4.75
-4.65
-4.57
-4.43
-4.34
-4.23
-4.17
-4.1
-4.05
-3.99
-3.93
-3.91
-3.82
-3.76
-3.66
-3.6
-3.45
-3.31
-3.1
-2.9
-2.69
-2.44
-2.23
-1.98
-1.81
-1.62
-1.45
-1.21
-0.98
-0.71
-0.45
-0.17
0.07
0.25
0.49
0.71
1.02
1.31
1.6
1.84
2.12
2.4
2.67
2.9
3.06
3.25
3.39
3.61
3.76
3.94
4.08
4.19
4.27
4.34
4.42
4.49
4.59
4.68
4.86
5.04
5.29
5.49
5.73
5.95
6.16
6.39
6.54
6.7
6.83
6.96
7.03
7.12
7.15
7.25
7.27
7.32
7.32
7.32
7.38
7.41
7.54
7.63
7.81
7.96
8.13
8.24
8.35
8.4
8.45
8.53
8.56
8.64
8.67
8.73
8.77
8.83
8.86
8.9
8.92
8.91
8.89
8.85
8.82
8.77
8.76
8.72
8.73
8.69
8.67
8.62
8.58
8.56
8.48
8.46
8.36
8.29
8.2
8.11
7.94
7.8
7.61
7.45
7.29
7.1
6.98
6.84
6.77
6.68
6.62
6.56
6.53
6.49
6.43
6.37
6.28
6.21
6.08
6.04
5.92
5.83
5.68
5.56
5.43
5.25
5.1
4.91
4.77
4.64
4.56
4.47
4.44
4.34
4.27
4.15
4.03
3.92
3.78
3.71
3.6
3.59
3.52
3.41
3.26
3.13
2.95
2.84
2.7
2.57
2.48
2.39
2.38
2.33
2.33
2.26
2.2
2.13
2.06
1.99
1.88
1.76
1.61
1.52
1.36
1.24
1.03
0.82
0.58
0.37
0.17
-0.04
-0.17
-0.31
-0.39
-0.53
-0.59
-0.72
-0.8
-0.92
-1.04
-1.18
-1.3
-1.4
-1.56
-1.67
-1.84
-1.93
-2.08
-2.21
-2.36
-2.5
-2.62
-2.68
-2.72
-2.83
-2.89
-2.98
-3.03
-3.11
-3.12
-3.18
-3.24
-3.32
-3.42
-3.48
-3.55
-3.56
-3.61
-3.58
-3.57
-3.5
-3.46
-3.44
-3.45
-3.49
-3.49
-3.54
-3.58
-3.64
-3.72
-3.73
-3.72
-3.7
-3.73
-3.76
-3.79
-3.82
-3.78
-3.69
-3.62
-3.51
-3.42
-3.36
-3.25
-3.21
-3.12
-3.06
-3.01
-2.9
-2.84
-2.75
-2.72
-2.69
-2.6
-2.59
-2.53
-2.46
-2.43
-2.34
-2.31
-2.28
-2.23
-2.22
-2.15
-2.12
-2.1
-2.05
-2.03
-2
-1.99
-1.99
-1.94
-1.93
-1.86
-1.76
-1.68
-1.56
-1.47
-1.4
-1.34
-1.31
-1.29
-1.29
-1.27
-1.22
-1.23
-1.24
-1.27
-1.35
-1.38
-1.48
-1.53
-1.59
-1.62
-1.57
-1.54
-1.5
-1.47
-1.43
-1.34
-1.28
-1.24
-1.16
-1.16
-1.16
-1.19
-1.21
-1.23
-1.33
-1.4
-1.45
-1.51
-1.54
-1.58
-1.58
-1.58
-1.59
-1.55
-1.56
-1.56
-1.52
-1.54
-1.57
-1.67
-1.73
-1.78
-1.86
-1.91
-1.95
-2.04
-2.09
-2.14
-2.12
-2.1
-2.1
-2.03
-2.01
-1.95
-1.87
-1.85
-1.82
-1.85
-1.91
-1.95
-2.02
-2.08
-2.15
-2.22
-2.21
-2.2
-2.13
-2.09
-2.06
-1.99
-1.99
-1.98
-2
-2.06
-2.1
-2.14
-2.15
-2.14
-2.19
-2.19
-2.24
-2.27
-2.27
-2.34
-2.39
-2.47
-2.51
-2.46
-2.46
-2.43
-2.44
-2.49
-2.47
-2.47
-2.43
-2.43
-2.48
-2.47
-2.52
-2.54
-2.59
-2.63
-2.72
-2.76
-2.8
-2.87
-2.88
-2.97
-3.01
-3.1
-3.1
-3.13
-3.14
-3.2
-3.26
-3.28
-3.33
-3.31
-3.33
-3.31
-3.35
-3.35
-3.37
-3.31
-3.28
-3.2
-3.18
-3.17
-3.13
-3.16
-3.13
-3.18
-3.21
-3.29
-3.31
-3.34
-3.31
-3.29
-3.31
-3.32
-3.41
-3.43
-3.48
-3.47
-3.52
-3.49
-3.47
-3.4
-3.39
-3.39
-3.42
-3.5
-3.49
-3.52
-3.51
-3.59
-3.63
-3.72
-3.79
-3.84
-3.86
-3.85
-3.87
-3.86
-3.88
-3.85
-3.92
-3.95
-4.03
-4.08
-4.12
-4.13
-4.16
-4.22
-4.23
-4.33
-4.35
-4.41
-4.41
-4.43
-4.37
-4.34
-4.28
-4.19
-4.16
-4.1
-4.09
-4.02
-3.96
-3.86
-3.81
-3.72
-3.64
-3.58
-3.56
-3.51
-3.41
-3.34
-3.17
-3.05
-2.89
-2.76
-2.56
-2.39
-2.21
-2.04
-1.9
-1.72
-1.63
-1.46
-1.32
-1.12
-1.01
-0.81
-0.65
-0.47
-0.28
-0.06
0.2
0.39
0.66
0.91
1.2
1.45
1.69
1.92
2.19
2.41
2.64
2.87
3.06
3.28
3.45
3.64
3.76
3.92
4
4.08
4.18
4.32
4.51
4.69
4.88
5.02
5.2
5.31
5.47
5.57
5.71
5.84
5.95
6.11
6.22
6.41
6.54
6.65
6.73
6.84
6.91
7.04
7.11
7.21
7.35
7.49
7.66
7.77
7.88
7.92
7.98
8.02
8.07
8.08
8.14
8.2
8.26
8.31
8.31
8.32
8.24
8.2
8.09
8.07
8.01
7.98
8
8.03
8.11
8.16
8.2
8.23
8.26
8.24
8.27
8.24
8.23
8.19
8.09
8.05
7.92
7.85
7.72
7.61
7.48
7.42
7.36
7.36
7.32
7.27
7.25
7.17
7.16
7.06
6.98
6.86
6.82
6.75
6.65
6.57
6.46
6.32
6.18
6.07
5.98
5.92
5.79
5.71
5.59
5.54
5.47
5.39
5.32
5.19
5.09
4.95
4.87
4.73
4.66
4.51
4.43
4.3
4.19
4.1
3.92
3.81
3.66
3.59
3.47
3.39
3.3
3.26
3.21
3.2
3.17
3.13
3.11
3.02
2.98
2.84
2.77
2.68
2.55
2.41
2.27
2.13
1.98
1.81
1.63
1.45
1.25
1.14
1
0.91
0.8
0.71
0.63
0.5
0.4
0.21
0.06
-0.09
-0.2
-0.36
-0.48
-0.61
-0.72
-0.86
-1
-1.07
-1.22
-1.29
-1.37
-1.4
-1.47
-1.55
-1.65
-1.73
-1.83
-1.95
-2.04
-2.21
-2.26
-2.36
-2.4
-2.51
-2.59
-2.69
-2.78
-2.84
-2.88
-2.83
-2.8
-2.74
-2.73
-2.67
-2.66
-2.62
-2.6
-2.56
-2.53
-2.52
-2.48
-2.52
-2.54
-2.57
-2.64
-2.64
-2.67
-2.67
-2.68
-2.69
-2.62
-2.6
-2.58
-2.53
-2.49
-2.4
-2.36
-2.32
-2.27
-2.26
-2.21
-2.21
-2.19
-2.15
-2.08
-2
-1.95
-1.92
-1.84
-1.83
-1.8
-1.71
-1.67
-1.57
-1.51
-1.46
-1.4
-1.39
-1.38
-1.39
-1.41
-1.41
-1.43
-1.4
-1.42
-1.47
-1.45
-1.44
-1.37
-1.32
-1.29
-1.25
-1.25
-1.24
-1.25
-1.3
-1.33
-1.38
-1.38
-1.28
-1.26
-1.13
-1.04
-1.01
-0.92
-0.88
-0.75
-0.63
-0.54
-0.43
-0.37
-0.32
-0.3
-0.34
-0.37
-0.49
-0.6
-0.67
-0.79
-0.86
-0.96
-1.04
-1.08
-1.13
-1.09
-1.08
-1.08
-1.06
-1.08
-1.04
-1.04
-1.09
-1.09
-1.11
-1.15
-1.18
-1.27
-1.32
-1.45
-1.57
-1.65
-1.73
-1.75
-1.77
-1.81
-1.81
-1.85
-1.83
-1.77
-1.76
-1.73
-1.75
-1.78
-1.81
-1.91
-1.96
-2
-2.01
-2.04
-2.14
-2.19
-2.26
-2.34
-2.34
-2.39
-2.4
-2.44
-2.5
-2.5
-2.57
-2.63
-2.69
-2.75
-2.79
-2.84
-2.87
-2.92
-3
-3.03
-3.12
-3.18
-3.15
-3.18
-3.15
-3.16
-3.15
-3.13
-3.19
-3.2
-3.22
-3.27
-3.29
-3.35
-3.37
-3.38
-3.46
-3.51
-3.6
-3.61
-3.55
-3.52
-3.45
-3.4
-3.29
-3.3
-3.29
-3.32
-3.36
-3.4
-3.37
-3.42
-3.4
-3.42
-3.46
-3.51
-3.62
-3.64
-3.74
-3.74
-3.75
-3.7
-3.73
-3.72
-3.77
-3.79
-3.82
-3.85
-3.82
-3.86
-3.84
-3.84
-3.8
-3.83
-3.79
-3.81
-3.78
-3.75
-3.73
-3.65
-3.66
-3.65
-3.71
-3.7
-3.71
-3.7
-3.72
-3.72
-3.75
-3.76
-3.72
-3.77
-3.81
-3.86
-3.86
-3.88
-3.84
-3.83
-3.76
-3.7
-3.62
-3.55
-3.53
-3.49
-3.5
-3.49
-3.57
-3.6
-3.68
-3.69
-3.72
-3.71
-3.71
-3.77
-3.76
-3.77
-3.7
-3.64
-3.52
-3.44
-3.32
-3.27
-3.2
-3.12
-3.11
-3.09
-3.09
-3.03
-2.99
-2.92
-2.92
-2.86
-2.84
-2.77
-2.68
-2.58
-2.42
-2.33
-2.17
-1.97
-1.79
-1.65
-1.43
-1.27
-1.07
-0.87
-0.73
-0.54
-0.42
-0.27
-0.14
0.04
0.18
0.38
0.58
0.85
1.1
1.36
1.6
1.77
2
2.17
2.42
2.61
2.86
3.1
3.3
3.49
3.6
3.76
3.85
3.93
4
4.08
4.16
4.32
4.45
4.64
4.78
4.89
5.04
5.17
5.34
5.46
5.61
5.73
5.86
5.97
6.14
6.22
6.32
6.42
6.48
6.61
6.7
6.85
6.99
7.21
7.38
7.55
7.68
7.81
7.91
7.99
8.12
8.23
8.35
8.39
8.47
8.46
8.46
8.41
8.37
8.32
8.25
8.22
8.14
8.1
8.06
8.1
8.11
8.21
8.25
8.3
8.35
8.33
8.35
8.31
8.29
8.21
8.14
8.01
7.92
7.81
7.77
7.68
7.6
7.57
7.51
7.55
7.55
7.58
7.59
7.63
7.67
7.71
7.74
7.74
7.71
7.65
7.61
7.53
7.48
7.3
7.18
6.99
6.82
6.65
6.43
6.28
6.08
5.89
5.7
5.58
5.47
5.42
5.35
5.33
5.28
5.22
5.2
5.13
5.1
5.01
4.94
4.83
4.71
4.58
4.48
4.32
4.17
4.01
3.87
3.78
3.66
3.61
3.52
3.47
3.4
3.34
3.24
3.13
3.02
2.93
2.81
2.68
2.59
2.44
2.33
2.15
1.96
1.78
1.6
1.47
1.31
1.19
1.04
0.94
0.87
0.87
0.83
0.8
0.7
0.62
0.58
0.56
0.57
0.51
0.46
0.33
0.23
0.11
0.01
-0.14
-0.28
-0.4
-0.53
-0.6
-0.72
-0.79
-0.91
-0.98
-1.06
-1.08
-1.11
-1.14
-1.2
-1.3
-1.35
-1.44
-1.5
-1.6
-1.65
-1.7
-1.73
-1.78
-1.86
-1.86
-1.91
-1.92
-1.93
-1.94
-1.94
-1.99
-2
-2.08
-2.14
-2.21
-2.32
-2.36
-2.45
-2.48
-2.52
-2.58
-2.6
-2.63
-2.65
-2.62
-2.6
-2.53
-2.49
-2.45
-2.4
-2.41
-2.38
-2.4
-2.45
-2.45
-2.51
-2.57
-2.54
-2.56
-2.52
-2.52
-2.49
-2.41
-2.36
-2.27
-2.22
-2.17
-2.06
-2.03
-1.98
-1.96
-1.99
-2
-2.04
-2.07
-2.12
-2.2
-2.22
-2.29
-2.27
-2.21
-2.15
-2.06
-2.02
-1.96
-1.9
-1.9
-1.88
-1.89
-1.94
-1.95
-2.01
-2.01
-2.03
-2.05
-2.02
-2.04
-2.03
-1.99
-1.99
-1.91
-1.85
-1.76
-1.63
-1.56
-1.47
-1.43
-1.45
-1.43
-1.45
-1.46
-1.48
-1.49
-1.45
-1.46
-1.46
-1.47
-1.52
-1.51
-1.49
-1.45
-1.37
-1.33
-1.28
-1.27
-1.29
-1.26
-1.28
-1.29
-1.34
-1.38
-1.42
-1.51
-1.59
-1.7
-1.82
-1.85
-1.89
-1.87
-1.78
-1.73
-1.64
-1.62
-1.59
-1.59
-1.64
-1.65
-1.66
-1.64
-1.56
-1.57
-1.58
-1.63
-1.74
-1.8
-1.89
-1.92
-1.94
-1.92
-1.86
-1.86
-1.85
-1.84
-1.89
-1.89
-1.93
-2
-2.05
-2.18
-2.23
-2.29
-2.36
-2.4
-2.43
-2.4
-2.39
-2.39
-2.34
-2.33
-2.32
-2.29
-2.3
-2.3
-2.34
-2.37
-2.38
-2.42
-2.44
-2.53
-2.64
-2.7
-2.8
-2.86
-2.93
-3
-3.01
-3.04
-3.04
-3.04
-3.09
-3.07
-3.08
-3.04
-3.08
-3.07
-3.07
-3.06
-3.03
-3.06
-3.06
-3.12
-3.14
-3.19
-3.17
-3.16
-3.11
-3.12
-3.11
-3.14
-3.22
-3.25
-3.36
-3.43
-3.51
-3.51
-3.56
-3.57
-3.59
-3.59
-3.6
-3.66
-3.67
-3.71
-3.66
-3.69
-3.67
-3.72
-3.75
-3.8
-3.84
-3.89
-3.97
-4
-4.11
-4.17
-4.27
-4.35
-4.45
-4.52
-4.58
-4.57
-4.56
-4.57
-4.53
-4.59
-4.59
-4.62
-4.57
-4.57
-4.52
-4.49
-4.47
-4.45
-4.45
-4.45
-4.52
-4.53
-4.59
-4.58
-4.58
-4.53
-4.52
-4.48
-4.43
-4.38
-4.26
-4.22
-4.11
-4.02
-3.89
-3.79
-3.65
-3.54
-3.39
-3.18
-2.98
-2.74
-2.52
-2.22
-1.99
-1.73
-1.54
-1.3
-1.11
-0.9
-0.71
-0.49
-0.28
-0.11
0.09
0.24
0.43
0.58
0.77
0.91
1.08
1.23
1.42
1.64
1.86
2.12
2.35
2.65
2.9
3.19
3.4
3.63
3.84
4.04
4.23
4.36
4.53
4.66
4.85
5.01
5.2
5.29
5.44
5.55
5.72
5.9
6.02
6.18
6.28
6.42
6.54
6.66
6.75
6.86
6.92
7
7.05
7.09
7.18
7.17
7.25
7.31
7.4
7.44
7.51
7.55
7.61
7.7
7.81
7.93
8.04
8.19
8.32
8.47
8.51
8.64
8.7
8.74
8.77
8.77
8.78
8.72
8.69
8.64
8.63
8.58
8.54
8.47
8.47
8.49
8.49
8.52
8.48
8.49
8.47
8.48
8.47
8.49
8.46
8.45
8.41
8.36
8.27
8.12
8
7.83
7.73
7.61
7.55
7.47
7.41
7.34
7.28
7.2
7.13
7.04
6.93
6.84
6.72
6.7
6.58
6.49
6.36
6.2
6.08
5.97
5.9
5.81
5.73
5.63
5.55
5.42
5.36
5.24
5.11
4.98
4.84
4.76
4.67
4.64
4.56
4.49
4.39
4.32
4.19
4.08
3.98
3.92
3.88
3.78
3.75
3.61
3.51
3.36
3.26
3.12
2.97
2.82
2.65
2.52
2.37
2.26
2.1
1.96
1.78
1.64
1.45
1.3
1.13
0.96
0.85
0.73
0.63
0.48
0.37
0.2
0.11
0.03
-0.01
-0.08
-0.15
-0.19
-0.23
-0.27
-0.39
-0.5
-0.66
-0.79
-0.91
-1.02
-1.17
-1.31
-1.39
-1.54
-1.62
-1.72
-1.76
-1.83
-1.84
-1.88
-1.88
-1.91
-1.94
-1.96
-2.05
-2.11
-2.17
-2.2
-2.27
-2.3
-2.37
-2.41
-2.53
-2.62
-2.66
-2.7
-2.71
-2.73
-2.78
-2.81
-2.85
-2.82
-2.8
-2.8
-2.74
-2.75
-2.71
-2.67
-2.64
-2.61
-2.64
-2.64
-2.64
-2.65
-2.61
-2.6
-2.6
-2.54
-2.53
-2.47
-2.48
-2.5
-2.5
-2.55
-2.56
-2.61
-2.64
-2.63
-2.64
-2.62
-2.61
-2.62
-2.55
-2.5
-2.41
-2.33
-2.27
-2.15
-2.09
-2.02
-1.94
-1.93
-1.9
-1.88
-1.85
-1.78
-1.78
-1.76
-1.79
-1.83
-1.81
-1.79
-1.74
-1.72
-1.69
-1.59
-1.6
-1.6
-1.6
-1.64
-1.63
-1.65
-1.62
-1.56
-1.53
-1.49
-1.52
-1.57
-1.56
-1.59
-1.59
-1.64
-1.63
-1.56
-1.55
-1.53
-1.52
-1.56
-1.57
-1.6
-1.66
-1.7
-1.81
-1.84
-1.92
-1.98
-2.01
-2.05
-2.03
-2
-1.98
-1.94
-1.95
-1.97
-2.01
-2.08
-2.11
-2.18
-2.21
-2.26
-2.36
-2.43
-2.53
-2.62
-2.66
-2.68
-2.66
-2.65
-2.62
-2.54
-2.53
-2.46
-2.45
-2.48
-2.47
-2.5
-2.48
-2.53
-2.59
-2.63
-2.72
-2.81
-2.88
-2.96
-2.98
-3.01
-2.97
-2.9
-2.9
-2.84
-2.81
-2.81
-2.77
-2.78
-2.79
-2.83
-2.85
-2.83
-2.85
-2.88
-2.91
-2.97
-2.97
-3
-3
-2.99
-3.01
-3
-3.02
-3.02
-3.04
-3.13
-3.2
-3.3
-3.41
-3.42
-3.46
-3.5
-3.56
-3.66
-3.71
-3.8
-3.82
-3.88
-3.87
-3.89
-3.84
-3.83
-3.8
-3.81
-3.81
-3.75
-3.76
-3.7
-3.64
-3.55
-3.54
-3.51
-3.56
-3.56
-3.57
-3.59
-3.55
-3.56
-3.55
-3.59
-3.59
-3.66
-3.69
-3.75
-3.78
-3.85
-3.92
-3.93
-4.01
-4.06
-4.15
-4.17
-4.23
-4.22
-4.21
-4.14
-4.1
-4.07
-4.05
-4.05
-4.03
-4.04
-4.05
-4.1
-4.1
-4.14
-4.16
-4.23
-4.29
-4.37
-4.46
-4.51
-4.59
-4.58
-4.59
-4.54
-4.52
-4.48
-4.45
-4.38
-4.29
-4.27
-4.21
-4.27
-4.28
-4.35
-4.33
-4.38
-4.36
-4.36
-4.35
-4.3
-4.26
-4.15
-4.08
-3.93
-3.81
-3.6
-3.45
-3.31
-3.21
-3.09
-3
-2.92
-2.8
-2.74
-2.65
-2.61
-2.49
-2.42
-2.29
-2.17
-1.96
-1.76
-1.55
-1.33
-1.17
-0.93
-0.76
-0.52
-0.34
-0.12
0.06
0.23
0.41
0.56
0.75
0.87
1.03
1.17
1.4
1.62
1.89
2.1
2.33
2.51
2.71
2.94
3.08
3.27
3.45
3.68
3.86
4.04
4.16
4.26
4.35
4.43
4.51
4.55
4.66
4.73
4.89
5.02
5.2
5.34
5.48
5.62
5.77
5.92
6.02
6.15
6.27
6.41
6.49
6.59
6.61
6.65
6.67
6.72
6.77
6.77
6.82
6.85
6.93
6.99
7.09
7.16
7.26
7.3
7.36
7.4
7.42
7.51
7.49
7.53
7.49
7.49
7.45
7.45
7.42
7.38
7.35
7.34
7.37
7.39
7.47
7.49
7.54
7.5
7.5
7.43
7.37
7.29
7.2
7.16
7.06
6.96
6.86
6.79
6.66
6.58
6.46
6.39
6.29
6.17
6.14
6.08
6.1
6.09
6.1
6.06
6.05
6.04
6.05
6.02
6.02
6.03
5.96
5.9
5.76
5.65
5.5
5.42
5.31
5.22
5.12
4.99
4.87
4.74
4.67
4.57
4.48
4.33
4.23
4.06
3.95
3.82
3.66
3.54
3.38
3.3
3.18
3.12
3.02
2.96
2.81
2.72
2.59
2.49
2.39
2.26
2.2
2.12
2.08
1.98
1.87
1.73
1.63
1.51
1.4
1.24
1.09
0.98
0.82
0.7
0.5
0.36
0.19
0.1
0
-0.1
-0.17
-0.25
-0.28
-0.35
-0.39
-0.51
-0.56
-0.66
-0.73
-0.82
-0.89
-0.96
-1.07
-1.13
-1.24
-1.3
-1.43
-1.51
-1.61
-1.71
-1.81
-1.86
-1.92
-2.02
-2.03
-2.06
-2.04
-2.07
-2.08
-2.14
-2.19
-2.28
-2.37
-2.46
-2.52
-2.53
-2.55
-2.52
-2.56
-2.54
-2.55
-2.49
-2.4
-2.35
-2.24
-2.18
-2.12
-2.08
-2.09
-2.07
-2.08
-2.09
-2.12
-2.16
-2.2
-2.32
-2.4
-2.37
-2.35
-2.28
-2.21
-2.18
-2.11
-2.11
-2.1
-2.13
-2.2
-2.22
-2.24
-2.25
-2.2
-2.19
-2.15
-2.15
-2.19
-2.18
-2.22
-2.17
-2.12
-2.09
-2
-1.95
-1.88
-1.82
-1.78
-1.73
-1.72
-1.69
-1.65
-1.66
-1.62
-1.65
-1.66
-1.66
-1.7
-1.68
-1.7
-1.73
-1.71
-1.71
-1.68
-1.72
-1.77
-1.78
-1.8
-1.75
-1.74
-1.77
-1.79
-1.87
-1.94
-2
-2.04
-1.98
-1.89
-1.8
-1.71
-1.66
-1.58
-1.57
-1.61
-1.62
-1.67
-1.72
-1.82
-1.92
-1.95
-1.99
-2.01
-2.02
-2.02
-2.02
-2.05
-2.05
-1.98
-1.94
-1.84
-1.8
-1.77
-1.68
-1.63
-1.56
-1.56
-1.57
-1.54
-1.57
-1.61
-1.64
-1.72
-1.76
-1.83
-1.88
-1.93
-1.98
-1.98
-2.06
-2.09
-2.09
-2.09
-2.08
-2.13
-2.17
-2.21
-2.26
-2.27
-2.28
-2.34
-2.36
-2.43
-2.45
-2.46
-2.47
-2.44
-2.42
-2.42
-2.41
-2.42
-2.43
-2.47
-2.53
-2.52
-2.58
-2.57
-2.59
-2.63
-2.64
-2.7
-2.72
-2.79
-2.83
-2.81
-2.82
-2.79
-2.75
-2.77
-2.76
-2.79
-2.83
-2.86
-2.94
-2.92
-2.96
-2.96
-3.04
-3.09
-3.16
-3.2
-3.25
-3.3
-3.28
-3.31
-3.3
-3.33
-3.34
-3.37
-3.33
-3.35
-3.31
-3.28
-3.28
-3.27
-3.34
-3.4
-3.49
-3.48
-3.56
-3.58
-3.62
-3.64
-3.66
-3.7
-3.71
-3.76
-3.73
-3.74
-3.72
-3.74
-3.76
-3.8
-3.81
-3.83
-3.85
-3.82
-3.8
-3.73
-3.74
-3.7
-3.7
-3.63
-3.6
-3.55
-3.56
-3.56
-3.6
-3.7
-3.7
-3.73
-3.73
-3.79
-3.8
-3.85
-3.84
-3.88
-3.9
-3.89
-3.89
-3.84
-3.84
-3.77
-3.74
-3.62
-3.56
-3.5
-3.48
-3.48
-3.49
-3.53
-3.54
-3.65
-3.71
-3.79
-3.82
-3.85
-3.8
-3.77
-3.72
-3.66
-3.57
-3.44
-3.41
-3.33
-3.3
-3.24
-3.19
-3.07
-3.01
-2.96
-2.89
-2.79
-2.73
-2.7
-2.59
-2.48
-2.27
-2.05
-1.79
-1.61
-1.44
-1.28
-1.12
-0.93
-0.77
-0.54
-0.34
-0.12
0.03
0.21
0.34
0.44
0.56
0.71
0.95
1.17
1.39
1.58
1.84
2.04
2.28
2.44
2.64
2.85
3.03
3.25
3.38
3.57
3.72
3.89
4
4.14
4.25
4.35
4.39
4.44
4.5
4.57
4.7
4.76
4.91
5.01
5.17
5.27
5.41
5.56
5.73
5.87
5.95
6.05
6.09
6.15
6.14
6.21
6.22
6.32
6.4
6.45
6.49
6.51
6.57
6.61
6.67
6.69
6.75
6.79
6.88
6.89
6.91
6.92
6.85
6.84
6.78
6.79
6.71
6.7
6.66
6.65
6.6
6.56
6.5
6.43
6.44
6.43
6.49
6.48
6.52
6.49
6.53
6.53
6.51
6.46
6.38
6.3
6.23
6.19
6.11
6.08
5.99
5.94
5.82
5.75
5.67
5.59
5.56
5.5
5.5
5.43
5.39
5.34
5.37
5.31
5.27
5.16
5.08
5.03
4.95
4.91
4.78
4.73
4.65
4.57
4.45
4.35
4.25
4.18
4.13
4.08
4.07
3.99
4
3.94
3.89
3.79
3.69
3.61
3.53
3.44
3.31
3.18
3
2.87
2.68
2.54
2.33
2.18
2.01
1.92
1.89
1.81
1.79
1.75
1.78
1.8
1.84
1.82
1.82
1.71
1.61
1.49
1.35
1.25
1.11
1.03
0.86
0.77
0.66
0.54
0.41
0.32
0.23
0.16
0.12
0.04
0.02
-0.07
-0.13
-0.27
-0.39
-0.55
-0.67
-0.85
-1.04
-1.17
-1.35
-1.47
-1.6
-1.71
-1.87
-1.92
-1.95
-1.92
-1.9
-1.87
-1.83
-1.85
-1.83
-1.86
-1.89
-2.02
-2.07
-2.15
-2.15
-2.19
-2.28
-2.32
-2.42
-2.46
-2.51
-2.51
-2.55
-2.56
-2.5
-2.46
-2.41
-2.4
-2.44
-2.4
-2.43
-2.44
-2.48
-2.57
-2.59
-2.64
-2.66
-2.66
-2.63
-2.51
-2.42
-2.3
-2.18
-2.14
-2.11
-2.12
-2.16
-2.11
-2.12
-2.08
-2.06
-2.05
-2.02
-2.04
-2.05
-2.1
-2.11
-2.07
-2.01
-1.92
-1.81
-1.76
-1.64
-1.55
-1.41
-1.27
-1.21
-1.12
-1.1
-1.12
-1.12
-1.15
-1.16
-1.16
-1.16
-1.11
-1.07
-1
-0.88
-0.82
-0.72
-0.69
-0.67
-0.66
-0.7
-0.74
-0.81
-0.88
-0.93
-1.01
-1.05
-1.1
-1.17
-1.17
-1.19
-1.16
-1.14
-1.11
-1.05
-1.02
-0.95
-0.94
-0.93
-0.91
-0.94
-0.95
-0.92
-0.97
-1.01
-1.07
-1.13
-1.19
-1.33
-1.36
-1.38
-1.35
-1.29
-1.27
-1.22
-1.21
-1.22
-1.18
-1.2
-1.24
-1.24
-1.29
-1.26
-1.28
-1.33
-1.38
-1.48
-1.51
-1.54
-1.55
-1.51
-1.48
-1.43
-1.39
-1.38
-1.33
-1.37
-1.37
-1.35
-1.4
-1.44
-1.54
-1.6
-1.65
-1.75
-1.8
-1.84
-1.86
-1.81
-1.82
-1.78
-1.79
-1.84
-1.79
-1.8
-1.78
-1.75
-1.77
-1.76
-1.8
-1.82
-1.86
-1.94
-2.01
-2.09
-2.13
-2.08
-2.08
-2.04
-2.06
-2.08
-2.06
-2.1
-2.08
-2.09
-2.1
-2.09
-2.15
-2.19
-2.24
-2.33
-2.36
-2.45
-2.48
-2.47
-2.47
-2.4
-2.37
-2.31
-2.3
-2.23
-2.22
-2.21
-2.22
-2.25
-2.31
-2.39
-2.44
-2.55
-2.61
-2.69
-2.73
-2.79
-2.77
-2.75
-2.7
-2.66
-2.64
-2.56
-2.55
-2.52
-2.53
-2.51
-2.56
-2.58
-2.64
-2.71
-2.8
-2.9
-2.99
-3.11
-3.17
-3.25
-3.23
-3.24
-3.18
-3.16
-3.12
-3.12
-3.14
-3.09
-3.1
-3.08
-3.12
-3.14
-3.22
-3.28
-3.38
-3.45
-3.52
-3.58
-3.57
-3.57
-3.48
-3.49
-3.45
-3.44
-3.37
-3.34
-3.28
-3.28
-3.28
-3.27
-3.3
-3.29
-3.36
-3.4
-3.49
-3.49
-3.51
-3.46
-3.46
-3.48
-3.49
-3.54
-3.56
-3.62
-3.59
-3.58
-3.52
-3.52
-3.48
-3.47
-3.42
-3.35
-3.33
-3.27
-3.26
-3.2
-3.15
-3.06
-3.01
-2.94
-2.91
-2.82
-2.71
-2.61
-2.5
-2.48
-2.39
-2.32
-2.18
-2.07
-1.89
-1.73
-1.51
-1.31
-1.08
-0.82
-0.66
-0.42
-0.22
0.01
0.19
0.42
0.6
0.76
0.88
0.97
1.11
1.22
1.36
1.46
1.61
1.69
1.82
1.93
2.09
2.25
2.41
2.63
2.83
3.12
3.33
3.53
3.72
3.93
4.09
4.27
4.36
4.43
4.5
4.52
4.63
4.7
4.83
4.94
5.08
5.2
5.34
5.47
5.61
5.75
5.87
6.03
6.16
6.34
6.44
6.56
6.6
6.67
6.72
6.79
6.92
6.99
7.07
7.12
7.2
7.25
7.35
7.36
7.42
7.47
7.55
7.65
7.69
7.75
7.73
7.71
7.68
7.66
7.6
7.58
7.56
7.56
7.52
7.45
7.42
7.36
7.38
7.34
7.31
7.27
7.3
7.34
7.42
7.51
7.55
7.57
7.58
7.66
7.68
7.78
7.78
7.78
7.7
7.63
7.53
7.39
7.31
7.19
7.1
6.97
6.87
6.74
6.68
6.56
6.51
6.42
6.31
6.25
6.15
6.08
5.96
5.86
5.73
5.62
5.47
5.36
5.2
5.11
5.07
5.03
5.02
4.94
4.89
4.79
4.76
4.69
4.68
4.67
4.64
4.65
4.63
4.6
4.54
4.51
4.38
4.29
4.15
4.05
3.93
3.82
3.76
3.65
3.61
3.53
3.48
3.4
3.36
3.27
3.23
3.13
3.03
2.96
2.84
2.79
2.66
2.6
2.48
2.39
2.26
2.16
2.04
1.95
1.82
1.69
1.56
1.37
1.23
1.04
0.93
0.81
0.72
0.63
0.56
0.49
0.38
0.29
0.16
0.02
-0.14
-0.27
-0.42
-0.51
-0.62
-0.74
-0.88
-1.05
-1.15
-1.24
-1.28
-1.34
-1.32
-1.36
-1.38
-1.42
-1.45
-1.55
-1.68
-1.75
-1.85
-1.91
-1.98
-2.02
-2.1
-2.17
-2.19
-2.22
-2.21
-2.19
-2.18
-2.18
-2.22
-2.24
-2.25
-2.28
-2.26
-2.27
-2.28
-2.26
-2.25
-2.23
-2.25
-2.26
-2.22
-2.28
-2.28
-2.28
-2.29
-2.22
-2.23
-2.18
-2.14
-2.12
-2.05
-2.05
-2.06
-2.03
-2.04
-2.01
-2.02
-2.07
-2.08
-2.16
-2.21
-2.25
-2.27
-2.24
-2.23
-2.19
-2.15
-2.08
-1.98
-1.95
-1.93
-1.88
-1.88
-1.85
-1.86
-1.85
-1.83
-1.86
-1.88
-1.94
-1.99
-2.01
-2.02
-1.97
-1.9
-1.86
-1.79
-1.76
-1.71
-1.67
-1.7
-1.67
-1.66
-1.61
-1.58
-1.6
-1.6
-1.62
-1.64
-1.62
-1.61
-1.55
-1.52
-1.51
-1.44
-1.45
-1.42
-1.41
-1.42
-1.39
-1.39
-1.35
-1.31
-1.35
-1.37
-1.41
-1.48
-1.49
-1.53
-1.48
-1.46
-1.43
-1.36
-1.36
-1.34
-1.37
-1.41
-1.43
-1.51
-1.53
-1.55
-1.65
-1.7
-1.79
-1.85
-1.87
-1.92
-1.9
-1.93
-1.92
-1.92
-1.93
-1.91
-1.87
-1.86
-1.82
-1.84
-1.81
-1.81
-1.86
-1.86
-1.91
-1.93
-1.92
-1.91
-1.87
-1.87
-1.82
-1.75
-1.76
-1.77
-1.8
-1.84
-1.81
-1.85
-1.84
-1.85
-1.88
-1.88
-1.92
-1.96
-2.05
-2.17
-2.26
-2.35
-2.38
-2.36
-2.38
-2.33
-2.29
-2.29
-2.28
-2.34
-2.37
-2.39
-2.4
-2.36
-2.37
-2.37
-2.39
-2.43
-2.47
-2.55
-2.59
-2.58
-2.6
-2.6
-2.65
-2.65
-2.68
-2.67
-2.71
-2.78
-2.79
-2.85
-2.86
-2.92
-2.95
-3.02
-3.02
-3.04
-3.01
-2.98
-2.95
-2.88
-2.83
-2.74
-2.72
-2.61
-2.59
-2.54
-2.5
-2.45
-2.44
-2.48
-2.5
-2.58
-2.63
-2.71
-2.74
-2.81
-2.79
-2.8
-2.77
-2.8
-2.82
-2.8
-2.84
-2.82
-2.83
-2.79
-2.79
-2.73
-2.74
-2.72
-2.75
-2.82
-2.87
-2.95
-2.92
-2.97
-2.96
-3.01
-3.01
-3.07
-3.09
-3.12
-3.16
-3.23
-3.35
-3.42
-3.55
-3.64
-3.76
-3.8
-3.88
-3.88
-3.86
-3.83
-3.8
-3.78
-3.76
-3.81
-3.75
-3.73
-3.68
-3.7
-3.7
-3.76
-3.81
-3.86
-3.92
-3.9
-3.95
-3.95
-3.99
-3.94
-3.92
-3.84
-3.81
-3.77
-3.73
-3.71
-3.66
-3.67
-3.66
-3.72
-3.74
-3.8
-3.77
-3.76
-3.74
-3.74
-3.73
-3.66
-3.63
-3.53
-3.43
-3.28
-3.16
-3
-2.9
-2.8
-2.74
-2.7
-2.58
-2.49
-2.35
-2.22
-2.05
-1.94
-1.77
-1.63
-1.48
-1.32
-1.15
-0.94
-0.81
-0.61
-0.45
-0.26
-0.12
0.07
0.22
0.41
0.62
0.82
1.02
1.18
1.35
1.48
1.68
1.86
2.09
2.22
2.39
2.58
2.79
2.98
3.12
3.32
3.49
3.71
3.92
4.12
4.26
4.42
4.52
4.61
4.68
4.75
4.84
4.9
5.03
5.11
5.25
5.36
5.48
5.61
5.78
5.93
6.05
6.17
6.29
6.48
6.62
6.83
6.98
7.12
7.19
7.24
7.3
7.33
7.43
7.52
7.59
7.62
7.66
7.64
7.69
7.71
7.75
7.77
7.81
7.89
7.9
7.94
7.94
7.93
7.88
7.86
7.8
7.79
7.72
7.67
7.64
7.59
7.6
7.55
7.53
7.47
7.47
7.47
7.5
7.54
7.58
7.63
7.65
7.64
7.57
7.53
7.41
7.31
7.19
7.1
6.97
6.83
6.73
6.61
6.51
6.38
6.29
6.2
6.18
6.15
6.21
6.2
6.19
6.15
6.08
6.07
5.98
5.92
5.79
5.69
5.56
5.44
5.29
5.19
5.08
4.95
4.84
4.66
4.57
4.44
4.39
4.33
4.24
4.14
4.04
3.93
3.78
3.67
3.57
3.52
3.44
3.43
3.32
3.24
3.13
3.04
2.95
2.82
2.75
2.59
2.48
2.35
2.29
2.19
2.12
1.99
1.91
1.81
1.68
1.6
1.49
1.43
1.31
1.2
1.07
0.93
0.8
0.75
0.68
0.59
0.5
0.39
0.33
0.24
0.24
0.17
0.14
0.1
0.09
0.04
-0.03
-0.1
-0.22
-0.3
-0.45
-0.58
-0.76
-0.9
-1.07
-1.18
-1.29
-1.41
-1.51
-1.59
-1.6
-1.64
-1.58
-1.55
-1.52
-1.48
-1.43
-1.43
-1.44
-1.44
-1.49
-1.46
-1.5
-1.52
-1.61
-1.67
-1.74
-1.83
-1.84
-1.88
-1.9
-1.87
-1.85
-1.82
-1.87
-1.95
-1.97
-2.04
-2.08
-2.12
-2.17
-2.15
-2.18
-2.18
-2.22
-2.26
-2.21
-2.22
-2.18
-2.12
-2.1
-2.03
-2.01
-1.99
-1.94
-1.95
-1.89
-1.87
-1.84
-1.76
-1.75
-1.72
-1.72
-1.7
-1.62
-1.54
-1.42
-1.28
-1.21
-1.13
-1.1
-1.07
-1.02
-0.99
-0.92
-0.89
-0.87
-0.81
-0.82
-0.77
-0.75
-0.72
-0.66
-0.63
-0.53
-0.42
-0.33
-0.23
-0.17
-0.11
-0.03
0.01
0.08
0.07
0.08
0.12
0.13
0.19
0.18
0.14
0.12
0.05
0.01
-0.01
0.01
0.08
0.12
0.19
0.24
0.26
0.31
0.3
0.3
0.33
0.33
0.35
0.29
0.29
0.34
0.33
0.38
0.37
0.38
0.43
0.46
0.56
0.63
0.7
0.8
0.84
0.88
0.89
0.86
0.86
0.79
0.73
0.69
0.61
0.58
0.54
0.49
0.48
0.42
0.42
0.42
0.42
0.46
0.44
0.5
0.59
0.65
0.75
0.78
0.86
0.93
0.95
0.98
0.93
0.89
0.91
0.9
0.94
0.9
0.81
0.75
0.62
0.55
0.47
0.39
0.37
0.32
0.34
0.41
0.45
0.53
0.5
0.49
0.49
0.45
0.43
0.4
0.4
0.49
0.52
0.57
0.57
0.57
0.57
0.52
0.54
0.54
0.53
0.61
0.65
0.68
0.72
0.7
0.7
0.62
0.6
0.51
0.47
0.45
0.44
0.43
0.36
0.3
0.21
0.19
0.16
0.2
0.22
0.34
0.44
0.58
0.73
0.82
0.96
1.05
1.15
1.24
1.35
1.42
1.53
1.63
1.79
1.91
2.03
2.18
2.28
2.46
2.65
2.92
3.2
3.59
4.15
4.92
5.8
6.73
7.66
8.46
9.14
9.57
9.83
9.82
9.68
9.29
8.68
7.96
7.03
6
4.83
3.63
2.35
1.08
-0.23
-1.46
-2.62
-3.62
-4.48
-5.16
-5.6
-5.81
-5.72
-5.35
-4.6
-3.51
-1.98
-0.1
2.25
5
8.15
11.76
15.74
20.15
24.93
30.17
35.74
41.71
47.97
54.56
61.42
68.52
75.86
83.37
91.07
98.86
106.78
114.74
122.77
130.81
138.84
146.86
154.8
162.73
170.53
178.19
185.71
193
200.12
206.98
213.6
220.04
226.2
232.16
237.81
243.2
248.34
253.17
257.74
262.04
266.06
269.86
273.37
276.66
279.68
282.46
285.06
287.39
289.53
291.46
293.15
294.71
296.02
297.2
298.22
299.03
299.74
300.27
300.64
300.89
301
301.02
300.9
300.66
300.35
299.88
299.35
298.72
297.98
297.19
296.29
295.34
294.32
293.2
292.06
290.83
289.57
288.3
286.92
285.54
284.08
282.58
281.06
279.45
277.81
276.13
274.4
272.71
270.95
269.17
267.33
265.42
263.52
261.56
259.6
257.63
255.61
253.63
251.59
249.56
247.54
245.48
243.42
241.31
239.17
237.05
234.92
232.77
230.61
228.45
226.33
224.14
221.96
219.76
217.53
215.31
213.06
210.82
208.59
206.31
204.09
201.83
199.55
197.29
194.97
192.68
190.35
188.02
185.73
183.4
181.13
178.85
176.53
174.23
171.87
169.53
167.2
164.84
162.54
160.22
157.9
155.62
153.3
151.01
148.68
146.35
144.05
141.7
139.39
137.07
134.72
132.41
130.08
127.78
125.47
123.13
120.82
118.49
116.18
113.89
111.59
109.33
107.05
104.82
102.67
100.49
98.34
96.14
93.9
91.67
89.34
87.01
84.64
82.23
79.84
77.36
74.89
72.43
69.88
67.38
64.86
62.35
59.84
57.28
54.78
52.27
49.81
47.35
44.94
42.58
40.23
37.97
35.72
33.55
31.41
29.38
27.39
25.5
23.68
21.91
20.26
18.64
17.13
15.69
14.34
13.07
11.88
10.76
9.7
8.73
7.81
6.97
6.19
5.5
4.85
4.27
3.73
3.25
2.81
2.41
2.05
1.75
1.48
1.26
1.05
0.89
0.74
0.62
0.51
0.41
0.33
0.27
0.2
0.15
0.1
0.06
0.02
-0.02
-0.05
-0.07
-0.08
-0.09
-0.1
-0.12
-0.14
-0.15
-0.17
-0.17
-0.17
-0.16
-0.15
-0.14
-0.14
-0.14
-0.13
-0.11
-0.1
-0.09
-0.07
-0.06
-0.04
-0.03
-0.01
0
0
-0.02
-0.03
-0.04
-0.05
-0.05
-0.05
-0.05
-0.06
-0.06
-0.05
-0.06
-0.06
-0.06
-0.07
-0.07
-0.06
-0.05
-0.03
-0.01
0.01
0.02
0.03
0.04
0.03
0.02
0.01
0
0
-0.01
-0.02
-0.03
-0.04
-0.05
-0.06
-0.06
-0.05
-0.04
-0.04
-0.03
-0.03
-0.04
-0.04
-0.05
-0.05
-0.05
-0.04
-0.04
-0.03
-0.02
-0.01
0.01
0.02
0.02
0.02
0.02
0.03
0.03
0.02
0.01
0
-0.02
-0.02
-0.02
-0.01
-0.01
-0.01
0
-0.01
-0.02
-0.04
-0.05
-0.05
-0.04
-0.03
-0.02
-0.01
0
0.01
0
0
0
-0.01
-0.01
-0.01
-0.02
-0.01
0
0.01
0.02
0.04
0.04
0.03
0.03
0.03
0.02
0.02
0.01
0.01
0
-0.01
-0.01
-0.01
-0.02
-0.02
-0.03
-0.05
-0.05
-0.06
-0.06
-0.06
-0.04
-0.03
-0.03
-0.02
0
0.01
0.01
-0.01
-0.02
-0.03
-0.04
-0.06
-0.07
-0.08
-0.09
-0.09
-0.08
-0.09
-0.1
-0.1
-0.1
-0.09
-0.08
-0.07
-0.05
-0.04
-0.03
-0.02
0
0
0.01
0.01
0
-0.01
-0.01
-0.02
-0.03
-0.03
-0.04
-0.03
-0.02
-0.02
-0.01
0
0.01
0.04
0.07
0.08
0.1
0.1
0.12
0.12
0.12
0.12
0.12
0.12
0.11
0.11
0.12
0.12
0.12
0.12
0.11
0.11
0.1
0.1
0.09
0.08
0.06
0.05
0.04
0.02
0
-0.01
-0.02
-0.04
-0.05
-0.06
-0.06
-0.06
-0.06
-0.07
-0.08
-0.08
-0.08
-0.07
-0.07
-0.06
-0.06
-0.06
-0.07
-0.06
-0.06
-0.05
-0.05
-0.04
-0.05
-0.05
-0.06
-0.06
-0.06
-0.06
-0.06
-0.06
-0.04
-0.02
-0.01
0.01
0.02
0.01
0.01
0
0
-0.01
0
0.01
0.02
0.03
0.04
0.03
0.03
0.02
0.01
0
0
-0.01
-0.01
-0.01
0
0.01
0.01
0.01
0.01
0.01
0.01
0.02
0.03
0.03
0.04
0.04
0.04
0.03
0.01
0
-0.01
-0.02
-0.04
-0.05
-0.06
-0.06
-0.05
-0.04
-0.02
0
0.01
0.01
0
0
-0.01
-0.01
-0.01
-0.01
0
0
0.01
0.02
0.02
0.02
0.02
0.02
0.01
0.01
0.01
0.01
0.02
0.03
0.04
0.06
0.08
0.08
0.09
0.09
0.08
0.09
0.09
0.1
0.1
0.1
0.1
0.1
0.09
0.08
0.07
0.06
0.04
0.04
0.04
0.03
0.03
0.04
0.04
0.05
0.05
0.04
0.03
0.02
0
-0.01
-0.01
-0.01
-0.01
-0.01
-0.02
-0.02
-0.02
-0.03
-0.03
-0.04
-0.04
-0.04
-0.04
-0.05
-0.05
-0.05
-0.05
-0.06
-0.07
-0.08
-0.08
-0.09
-0.1
-0.11
-0.11
-0.11
-0.1
-0.1
-0.09
-0.08
-0.06
-0.05
-0.05
-0.05
-0.05
-0.04
-0.04
-0.03
-0.02
-0.03
-0.03
-0.04
-0.04
-0.05
-0.04
-0.05
-0.05
-0.05
-0.06
-0.05
-0.06
-0.06
-0.07
-0.08
-0.09
-0.09
-0.09
-0.09
-0.09
-0.09
-0.08
-0.05
-0.03
-0.02
-0.01
0
0
-0.01
-0.02
-0.02
-0.02
-0.03
-0.04
-0.06
-0.06
-0.07
-0.08
-0.11
-0.14
-0.15
-0.17
-0.18
-0.19
-0.19
-0.2
-0.2
-0.2
-0.21
-0.2
-0.19
-0.18
-0.17
-0.16
-0.15
-0.14
-0.12
-0.1
-0.09
-0.08
-0.08
-0.08
-0.08
-0.07
-0.06
-0.04
-0.02
-0.01
0
0.01
0.02
0.01
0.01
0.01
0
0
0
0
0.01
0.01
0.02
0.02
0.02
0.02
0.01
0
0
-0.01
-0.01
0
0
0.02
0.03
0.04
0.04
0.04
0.04
0.03
0.03
0.03
0.02
0.02
0.01
0.02
0.03
0.04
0.04
0.04
0.04
0.04
0.05
0.05
0.06
0.06
0.08
0.09
0.09
0.09
0.08
0.07
0.07
0.06
0.06
0.06
0.06
0.07
0.08
0.08
0.08
0.09
0.09
0.09
0.08
0.08
0.07
0.08
0.09
0.08
0.09
0.1
0.11
0.13
0.15
0.15
0.16
0.16
0.15
0.15
0.13
0.12
0.11
0.1
0.09
0.09
0.09
0.08
0.08
0.07
0.07
0.07
0.07
0.07
0.07
0.06
0.05
0.05
0.05
0.04
0.03
0.04
0.04
0.04
0.03
0.02
0
-0.01
-0.02
-0.03
-0.04
-0.04
-0.04
-0.04
-0.04
-0.04
-0.04
-0.03
-0.02
-0.02
-0.01
-0.01
0
0
-0.01
-0.01
-0.01
0
0.01
0.01
0.01
0.01
0
0.01
0.01
0
0
-0.01
-0.01
-0.01
-0.02
-0.02
-0.02
-0.03
-0.04
-0.04
-0.04
-0.04
-0.03
-0.03
-0.02
-0.02
-0.01
-0.01
0
0
0.01
0.02
0.03
0.02
0.01
0
0.01
0.01
0.01
0.01
0.03
0.04
0.04
0.04
0.04
0.06
0.06
0.07
0.07
0.06
0.06
0.04
0.03
0.02
0.02
0.02
0.02
0.04
0.05
0.06
0.06
0.07
0.06
0.06
0.06
0.05
0.05
0.06
0.07
0.07
0.06
0.06
0.05
0.04
0.04
0.04
0.06
0.05
0.06
0.06
0.07
0.07
0.08
0.08
0.08
0.08
0.07
0.07
0.06
0.05
0.04
0.04
0.04
0.04
0.04
0.03
0.02
0.02
0.01
0
0
0
-0.01
-0.01
-0.01
-0.01
-0.02
-0.01
-0.01
-0.01
0
0.01
0.01
0.01
0.02
0.02
0.03
0.03
0.03
0.03
0.03
0.02
0.01
0.01
0.01
0.01
0.01
0.01
0.02
0.02
0.02
0.03
0.04
0.04
0.04
0.04
0.03
0.01
-0.01
-0.02
-0.03
-0.04
-0.05
-0.06
-0.06
-0.06
-0.07
-0.07
-0.07
-0.07
-0.07
-0.07
-0.07
-0.06
-0.05
-0.03
-0.02
-0.01
0
-0.01
-0.02
-0.03
-0.04
-0.04
-0.04
-0.05
-0.04
-0.05
-0.05
-0.05
-0.05
-0.05
-0.05
-0.04
-0.04
-0.05
-0.07
-0.08
-0.09
-0.1
-0.1
-0.1
-0.09
-0.08
-0.07
-0.05
-0.04
-0.02
0.01
0.02
0.03
0.05
0.05
0.05
0.04
0.03
0.02
0.02
0.02
0.02
0.02
0.03
0.03
0.03
0.03
0.02
0
-0.01
-0.03
-0.03
-0.03
-0.03
-0.03
-0.03
-0.03
-0.04
-0.05
-0.04
-0.04
-0.03
-0.02
-0.02
-0.02
-0.03
-0.03
-0.04
-0.05
-0.06
-0.06
-0.06
-0.05
-0.05
-0.05
-0.05
-0.05
-0.06
-0.06
-0.07
-0.07
-0.06
-0.05
-0.04
-0.04
-0.03
-0.01
-0.01
-0.01
-0.01
-0.02
-0.04
-0.05
-0.05
-0.05
-0.05
-0.04
-0.02
0
0.02
0.02
0.02
0.03
0.02
0
-0.02
-0.03
-0.03
-0.04
-0.05
-0.06
-0.07
-0.09
-0.1
-0.11
-0.1
-0.09
-0.08
-0.07
-0.07
-0.07
-0.08
-0.08
-0.08
-0.08
-0.09
-0.1
-0.1
-0.11
-0.11
-0.12
-0.11
-0.1
-0.09
-0.09
-0.08
-0.09
-0.08
-0.08
-0.08
-0.08
-0.07
-0.05
-0.04
-0.02
-0.01
0.01
0.02
0.03
0.04
0.04
0.04
0.05
0.05
0.05
0.04
0.04
0.04
0.03
0.03
0.02
0
-0.01
-0.01
-0.02
-0.02
-0.02
-0.02
-0.02
-0.01
-0.01
-0.01
-0.01
-0.01
-0.02
-0.03
-0.03
-0.03
-0.03
-0.03
-0.03
-0.03
-0.03
-0.02
-0.03
-0.02
-0.01
-0.01
-0.01
-0.01
0
0.01
0.01
0
0
0
0
0
0.01
0.01
0.01
0.01
0
0
0
0
-0.01
-0.03
-0.03
-0.03
-0.03
-0.03
-0.02
0
0.01
0.02
0.02
0.01
0.01
0
0
-0.01
-0.01
-0.01
-0.01
-0.02
-0.02
-0.02
-0.01
0
0.01
0.01
0.01
0.01
0.01
0.02
0.01
0.01
0.01
0.01
0.01
0.01
0.02
0.01
0.01
0.02
0.02
0.01
0.01
0.01
0.01
0.01
0.01
0.01
0
-0.01
-0.02
-0.03
-0.03
-0.03
-0.03
-0.03
-0.02
-0.02
-0.02
