Channel 1
-1.18
-1.17
-1.18
-1.21
-1.21
-1.26
-1.24
-1.21
-1.2
-1.16
-1.18
-1.17
-1.17
-1.22
-1.23
-1.27
-1.27
-1.26
-1.3
-1.28
-1.27
-1.26
-1.21
-1.23
-1.2
-1.21
-1.24
-1.24
-1.27
-1.25
-1.24
-1.27
-1.25
-1.25
-1.27
-1.28
-1.34
-1.33
-1.37
-1.41
-1.4
-1.41
-1.38
-1.39
-1.4
-1.41
-1.45
-1.45
-1.42
-1.42
-1.38
-1.4
-1.4
-1.39
-1.45
-1.41
-1.41
-1.39
-1.38
-1.42
-1.44
-1.49
-1.53
-1.55
-1.63
-1.66
-1.71
-1.8
-1.84
-1.92
-1.96
-1.99
-2.06
-2.07
-2.09
-2.08
-2.05
-2.08
-2.09
-2.13
-2.18
-2.18
-2.21
-2.2
-2.19
-2.18
-2.11
-2.1
-2.06
-2.05
-2.06
-2.04
-2.01
-1.91
-1.81
-1.75
-1.64
-1.56
-1.46
-1.35
-1.29
-1.17
-1.06
-0.95
-0.82
-0.73
-0.59
-0.47
-0.35
-0.18
-0.05
0.08
0.25
0.38
0.54
0.66
0.78
0.88
1.02
1.15
1.32
1.47
1.6
1.77
1.88
2.04
2.13
2.27
2.39
2.53
2.67
2.8
2.93
3.05
3.18
3.25
3.36
3.42
3.51
3.53
3.6
3.66
3.72
3.8
3.87
3.99
4.07
4.14
4.19
4.26
4.32
4.43
4.48
4.53
4.6
4.65
4.71
4.71
4.74
4.75
4.81
4.84
4.87
4.87
4.88
4.88
4.91
4.96
4.94
4.97
4.96
5.01
4.99
5.02
4.99
4.94
4.91
4.85
4.82
4.76
4.69
4.63
4.59
4.51
4.46
4.37
4.32
4.27
4.21
4.21
4.13
4.12
4.1
4.06
4.02
3.99
3.94
3.93
3.89
3.83
3.79
3.72
3.71
3.63
3.59
3.51
3.48
3.44
3.41
3.38
3.36
3.34
3.31
3.29
3.21
3.17
3.05
2.97
2.85
2.81
2.77
2.7
2.67
2.61
2.56
2.45
2.35
2.22
2.13
2
1.95
1.9
1.88
1.84
1.75
1.71
1.62
1.57
1.48
1.38
1.27
1.2
1.09
0.98
0.83
0.68
0.58
0.46
0.41
0.27
0.19
0.1
0.04
-0.06
-0.15
-0.19
-0.25
-0.3
-0.4
-0.46
-0.56
-0.6
-0.68
-0.76
-0.88
-0.98
-1.08
-1.21
-1.28
-1.38
-1.4
-1.47
-1.51
-1.59
-1.61
-1.68
-1.75
-1.82
-1.87
-1.87
-1.91
-1.92
-1.98
-2
-2.06
-2.08
-2.11
-2.14
-2.15
-2.19
-2.18
-2.22
-2.2
-2.23
-2.24
-2.28
-2.29
-2.31
-2.31
-2.32
-2.32
-2.3
-2.29
-2.28
-2.29
-2.26
-2.27
-2.25
-2.28
-2.29
-2.3
-2.32
-2.28
-2.29
-2.28
-2.28
-2.27
-2.21
-2.21
-2.17
-2.17
-2.18
-2.15
-2.19
-2.21
-2.17
-2.16
-2.13
-2.14
-2.14
-2.15
-2.22
-2.24
-2.28
-2.34
-2.35
-2.41
-2.41
-2.4
-2.41
-2.38
-2.4
-2.42
-2.42
-2.44
-2.44
-2.46
-2.45
-2.42
-2.43
-2.39
-2.4
-2.42
-2.41
-2.43
-2.42
-2.43
-2.46
-2.45
-2.47
-2.47
-2.5
-2.54
-2.53
-2.59
-2.6
-2.64
-2.72
-2.75
-2.79
-2.81
-2.79
-2.8
-2.77
-2.77
-2.81
-2.79
-2.87
-2.9
-2.95
-2.99
-2.97
-2.99
-2.99
-3
-3.05
-3.07
-3.11
-3.19
-3.21
-3.24
-3.22
-3.28
-3.31
-3.34
-3.41
-3.44
-3.48
-3.52
-3.51
-3.53
-3.53
-3.53
-3.58
-3.58
-3.64
-3.65
-3.63
-3.62
-3.58
-3.62
-3.64
-3.65
-3.7
-3.7
-3.73
-3.76
-3.72
-3.7
-3.66
-3.68
-3.71
-3.71
-3.75
-3.75
-3.73
-3.69
-3.62
-3.59
-3.52
-3.45
-3.4
-3.34
-3.28
-3.19
-3.04
-2.94
-2.79
-2.69
-2.6
-2.46
-2.37
-2.26
-2.19
-2.12
-1.98
-1.88
-1.74
-1.59
-1.47
-1.29
-1.12
-0.95
-0.75
-0.59
-0.36
-0.2
0
0.14
0.32
0.5
0.65
0.78
0.9
1.08
1.22
1.37
1.47
1.62
1.74
1.91
2
2.12
2.26
2.41
2.53
2.57
2.66
2.76
2.88
2.92
2.99
3.08
3.21
3.32
3.44
3.55
3.64
3.77
3.79
3.85
3.86
3.91
3.91
3.94
3.96
4.02
4.12
4.18
4.26
4.26
4.3
4.26
4.25
4.19
4.17
4.17
4.14
4.14
4.1
4.11
4.11
4.1
4.06
4.05
4.01
4.04
4.02
4.01
4
4.01
4.06
4.05
4.06
4.04
4.03
3.96
3.93
3.88
3.85
3.79
3.73
3.71
3.63
3.62
3.54
3.52
3.47
3.46
3.42
3.42
3.4
3.35
3.32
3.26
3.25
3.21
3.19
3.11
3.09
3.05
3.04
3.02
2.93
2.87
2.77
2.7
2.61
2.55
2.47
2.45
2.42
2.43
2.39
2.32
2.3
2.2
2.16
2.07
2.01
1.95
1.93
1.86
1.83
1.75
1.71
1.65
1.55
1.48
1.37
1.33
1.24
1.23
1.16
1.08
1.01
0.93
0.86
0.76
0.69
0.56
0.48
0.36
0.3
0.17
0.07
-0.06
-0.15
-0.23
-0.33
-0.39
-0.49
-0.53
-0.61
-0.66
-0.75
-0.78
-0.84
-0.89
-0.92
-0.97
-0.96
-1.03
-1.06
-1.15
-1.19
-1.25
-1.25
-1.31
-1.36
-1.38
-1.41
-1.43
-1.51
-1.53
-1.58
-1.59
-1.66
-1.68
-1.72
-1.72
-1.71
-1.7
-1.66
-1.68
-1.64
-1.66
-1.65
-1.68
-1.66
-1.69
-1.68
-1.68
-1.69
-1.64
-1.64
-1.6
-1.62
-1.55
-1.54
-1.51
-1.52
-1.51
-1.51
-1.52
-1.5
-1.55
-1.54
-1.57
-1.55
-1.55
-1.56
-1.51
-1.47
-1.42
-1.42
-1.41
-1.36
-1.36
-1.34
-1.31
-1.31
-1.28
-1.25
-1.24
-1.23
-1.21
-1.19
-1.19
-1.22
-1.29
-1.31
-1.33
-1.34
-1.35
-1.34
-1.32
-1.27
-1.27
-1.29
-1.28
-1.32
-1.33
-1.34
-1.36
-1.28
-1.24
-1.2
-1.17
-1.2
-1.19
-1.21
-1.24
-1.2
-1.22
-1.22
-1.22
-1.28
-1.3
-1.37
-1.39
-1.4
-1.42
-1.42
-1.49
-1.51
-1.53
-1.56
-1.56
-1.56
-1.53
-1.49
-1.51
-1.54
-1.59
-1.65
-1.65
-1.7
-1.68
-1.68
-1.67
-1.6
-1.61
-1.6
-1.62
-1.66
-1.68
-1.73
-1.74
-1.74
-1.74
-1.74
-1.79
-1.83
-1.85
-1.91
-1.96
-2.03
-2.1
-2.09
-2.13
-2.14
-2.19
-2.24
-2.25
-2.31
-2.31
-2.32
-2.34
-2.34
-2.35
-2.35
-2.34
-2.33
-2.28
-2.25
-2.26
-2.19
-2.18
-2.14
-2.13
-2.12
-2.08
-2.05
-1.98
-1.9
-1.85
-1.75
-1.68
-1.57
-1.43
-1.32
-1.18
-1.09
-0.96
-0.8
-0.66
-0.5
-0.38
-0.27
-0.11
0.03
0.17
0.28
0.36
0.51
0.65
0.82
0.95
1.1
1.21
1.32
1.45
1.52
1.62
1.64
1.74
1.82
1.97
2.08
2.21
2.36
2.47
2.59
2.67
2.76
2.84
2.92
2.98
3.11
3.21
3.29
3.33
3.37
3.43
3.44
3.5
3.54
3.62
3.67
3.72
3.75
3.78
3.75
3.76
3.77
3.75
3.77
3.76
3.81
3.81
3.82
3.8
3.81
3.79
3.77
3.75
3.73
3.77
3.75
3.78
3.74
3.78
3.76
3.76
3.71
3.65
3.61
3.54
3.52
3.48
3.48
3.43
3.41
3.32
3.28
3.23
3.2
3.17
3.1
3.08
3.04
3.05
3.01
2.98
2.93
2.88
2.83
2.81
2.75
2.68
2.66
2.6
2.61
2.56
2.56
2.5
2.46
2.4
2.36
2.29
2.21
2.16
2.09
2.04
1.95
1.9
1.79
1.76
1.7
1.66
1.6
1.53
1.5
1.4
1.32
1.25
1.16
1.1
1
0.93
0.84
0.79
0.69
0.6
0.51
0.39
0.3
0.17
0.11
0.02
-0.06
-0.16
-0.25
-0.29
-0.36
-0.41
-0.5
-0.53
-0.63
-0.67
-0.73
-0.82
-0.85
-0.9
-0.92
-0.98
-1
-1.02
-1.03
-1.07
-1.14
-1.17
-1.23
-1.27
-1.32
-1.36
-1.38
-1.43
-1.45
-1.53
-1.58
-1.64
-1.67
-1.73
-1.74
-1.74
-1.76
-1.78
-1.83
-1.85
-1.91
-1.92
-1.98
-2
-2.04
-2.05
-2.06
-2.08
-2.09
-2.09
-2.04
-2.01
-1.98
-2
-1.99
-2.01
-2.02
-2.04
-2.01
-2.01
-2.03
-2
-2
-2.01
-2.04
-2.04
-2.09
-2.07
-2.05
-1.97
-1.94
-1.92
-1.87
-1.87
-1.81
-1.76
-1.71
-1.65
-1.64
-1.61
-1.57
-1.57
-1.56
-1.58
-1.6
-1.57
-1.56
-1.54
-1.55
-1.55
-1.5
-1.5
-1.49
-1.5
-1.52
-1.49
-1.52
-1.49
-1.49
-1.52
-1.51
-1.52
-1.53
-1.51
-1.51
-1.47
-1.47
-1.5
-1.48
-1.52
-1.5
-1.52
-1.55
-1.51
-1.51
-1.49
-1.49
-1.5
-1.5
-1.54
-1.58
-1.56
-1.57
-1.51
-1.48
-1.43
-1.4
-1.42
-1.4
-1.44
-1.49
-1.49
-1.55
-1.58
-1.6
-1.65
-1.63
-1.65
-1.63
-1.63
-1.66
-1.62
-1.64
-1.62
-1.62
-1.67
-1.66
-1.67
-1.67
-1.59
-1.55
-1.48
-1.48
-1.53
-1.56
-1.63
-1.64
-1.69
-1.75
-1.75
-1.75
-1.75
-1.76
-1.8
-1.82
-1.86
-1.9
-1.89
-1.92
-1.9
-1.93
-1.94
-1.95
-1.98
-1.98
-2
-1.99
-1.92
-1.9
-1.85
-1.82
-1.81
-1.76
-1.74
-1.69
-1.62
-1.55
-1.42
-1.35
-1.27
-1.16
-1.09
-0.99
-0.92
-0.85
-0.73
-0.64
-0.53
-0.4
-0.31
-0.17
-0.07
0.1
0.22
0.37
0.54
0.69
0.83
0.94
1.08
1.19
1.34
1.47
1.64
1.74
1.88
1.99
2.15
2.26
2.32
2.4
2.46
2.54
2.59
2.66
2.71
2.81
2.89
3.01
3.09
3.15
3.23
3.24
3.31
3.35
3.4
3.41
3.44
3.45
3.48
3.51
3.53
3.55
3.54
3.55
3.54
3.57
3.56
3.61
3.65
3.68
3.72
3.72
3.76
3.77
3.81
3.87
3.97
4.01
4.08
4.1
4.12
4.11
4.08
4.09
4.03
4.02
3.97
3.97
3.94
3.95
3.93
3.92
3.87
3.86
3.81
3.79
3.79
3.71
3.67
3.61
3.58
3.53
3.46
3.41
3.38
3.35
3.29
3.24
3.18
3.17
3.1
3.09
3.03
3.01
2.94
2.86
2.81
2.74
2.7
2.63
2.57
2.51
2.5
2.45
2.41
2.32
2.28
2.25
2.17
2.15
2.05
2.01
1.95
1.9
1.83
1.79
1.72
1.68
1.63
1.58
1.56
1.5
1.5
1.42
1.38
1.3
1.24
1.15
1.05
0.95
0.84
0.76
0.68
0.64
0.56
0.51
0.39
0.31
0.18
0.11
0.02
-0.11
-0.22
-0.35
-0.4
-0.47
-0.5
-0.58
-0.62
-0.68
-0.72
-0.78
-0.85
-0.88
-0.95
-0.99
-1.08
-1.11
-1.18
-1.23
-1.32
-1.36
-1.4
-1.42
-1.41
-1.45
-1.44
-1.48
-1.51
-1.58
-1.61
-1.65
-1.65
-1.68
-1.68
-1.69
-1.71
-1.71
-1.77
-1.8
-1.86
-1.86
-1.87
-1.84
-1.85
-1.83
-1.83
-1.88
-1.87
-1.9
-1.87
-1.9
-1.88
-1.9
-1.87
-1.89
-1.89
-1.89
-1.93
-1.91
-1.92
-1.89
-1.91
-1.9
-1.88
-1.92
-1.9
-1.9
-1.86
-1.8
-1.79
-1.76
-1.76
-1.79
-1.78
-1.81
-1.79
-1.79
-1.77
-1.74
-1.75
-1.71
-1.68
-1.69
-1.67
-1.69
-1.66
-1.64
-1.67
-1.69
-1.76
-1.85
-1.91
-2.02
-2.07
-2.11
-2.1
-2.05
-2.06
-2.05
-2.07
-2.1
-2.12
-2.18
-2.19
-2.18
-2.21
-2.19
-2.23
-2.25
-2.27
-2.31
-2.29
-2.29
-2.22
-2.15
-2.15
-2.14
-2.16
-2.22
-2.23
-2.28
-2.29
-2.3
-2.34
-2.33
-2.38
-2.4
-2.41
-2.41
-2.34
-2.28
-2.19
-2.08
-2.02
-1.94
-1.94
-1.97
-1.98
-2.01
-2.02
-2.04
-2.05
-2.02
-2.06
-2.08
-2.12
-2.16
-2.17
-2.22
-2.22
-2.21
-2.25
-2.23
-2.27
-2.29
-2.27
-2.31
-2.31
-2.36
-2.39
-2.37
-2.41
-2.41
-2.43
-2.47
-2.46
-2.51
-2.53
-2.54
-2.59
-2.58
-2.62
-2.64
-2.65
-2.68
-2.64
-2.61
-2.59
-2.55
-2.55
-2.54
-2.53
-2.54
-2.47
-2.43
-2.35
-2.26
-2.19
-2.07
-2
-1.89
-1.81
-1.73
-1.65
-1.59
-1.51
-1.38
-1.28
-1.13
-1.02
-0.89
-0.74
-0.63
-0.48
-0.38
-0.23
-0.12
0.07
0.22
0.39
0.54
0.68
0.84
0.96
1.13
1.3
1.5
1.65
1.83
1.91
2.05
2.17
2.27
2.41
2.46
2.58
2.67
2.81
2.91
3.03
3.14
3.26
3.34
3.45
3.56
3.67
3.83
3.91
4.02
4.09
4.18
4.24
4.31
4.38
4.44
4.5
4.54
4.62
4.68
4.74
4.76
4.84
4.85
4.88
4.88
4.88
4.9
4.89
4.94
4.95
4.95
4.92
4.95
4.95
4.98
4.95
4.95
4.93
4.9
4.92
4.88
4.89
4.85
4.84
4.82
4.85
4.86
4.84
4.79
4.74
4.74
4.66
4.62
4.53
4.52
4.51
4.49
4.44
4.38
4.33
4.28
4.26
4.21
4.23
4.24
4.27
4.22
4.22
4.18
4.16
4.13
4.08
4.05
4
3.96
3.88
3.81
3.71
3.64
3.55
3.53
3.49
3.47
3.45
3.35
3.31
3.23
3.18
3.1
3.03
2.96
2.96
2.96
2.95
2.9
2.81
2.74
2.64
2.6
2.48
2.4
2.27
2.19
2.11
2.03
1.97
1.86
1.78
1.68
1.61
1.54
1.47
1.32
1.22
1.1
1.03
0.99
0.87
0.82
0.73
0.68
0.6
0.54
0.45
0.41
0.33
0.27
0.18
0.09
0.03
-0.08
-0.13
-0.25
-0.31
-0.4
-0.43
-0.51
-0.58
-0.66
-0.77
-0.82
-0.94
-0.99
-1.07
-1.06
-1.06
-1.02
-1.05
-1.07
-1.11
-1.19
-1.22
-1.29
-1.28
-1.35
-1.37
-1.42
-1.45
-1.51
-1.54
-1.6
-1.65
-1.63
-1.66
-1.65
-1.68
-1.67
-1.71
-1.71
-1.74
-1.74
-1.74
-1.74
-1.73
-1.73
-1.7
-1.72
-1.68
-1.71
-1.72
-1.68
-1.67
-1.62
-1.61
-1.58
-1.54
-1.56
-1.56
-1.58
-1.59
-1.54
-1.55
-1.53
-1.55
-1.58
-1.58
-1.6
-1.61
-1.64
-1.67
-1.63
-1.63
-1.64
-1.62
-1.63
-1.56
-1.53
-1.52
-1.48
-1.5
-1.48
-1.47
-1.46
-1.43
-1.48
-1.47
-1.45
-1.42
-1.39
-1.39
-1.35
-1.34
-1.35
-1.34
-1.38
-1.39
-1.38
-1.42
-1.42
-1.45
-1.51
-1.51
-1.54
-1.54
-1.54
-1.54
-1.53
-1.57
-1.55
-1.57
-1.6
-1.6
-1.61
-1.59
-1.55
-1.55
-1.56
-1.61
-1.67
-1.69
-1.77
-1.79
-1.84
-1.88
-1.85
-1.9
-1.92
-1.96
-2.01
-2.01
-2.05
-2.07
-2.08
-2.08
-2.06
-2.07
-2.07
-2.06
-2.1
-2.1
-2.12
-2.16
-2.15
-2.15
-2.12
-2.14
-2.19
-2.21
-2.26
-2.28
-2.31
-2.33
-2.31
-2.34
-2.37
-2.37
-2.4
-2.38
-2.41
-2.44
-2.42
-2.41
-2.38
-2.39
-2.42
-2.4
-2.41
-2.39
-2.39
-2.43
-2.39
-2.41
-2.39
-2.36
-2.39
-2.37
-2.39
-2.39
-2.36
-2.34
-2.29
-2.28
-2.27
-2.2
-2.15
-2.05
-2.02
-1.99
-1.89
-1.83
-1.72
-1.64
-1.54
-1.42
-1.32
-1.22
-1.1
-1
-0.83
-0.71
-0.58
-0.42
-0.3
-0.13
0
0.16
0.27
0.42
0.53
0.66
0.77
0.87
0.98
1.1
1.27
1.43
1.59
1.7
1.88
2
2.13
2.23
2.32
2.4
2.45
2.54
2.6
2.65
2.68
2.75
2.78
2.87
2.93
2.98
3.04
3.11
3.23
3.31
3.42
3.5
3.59
3.65
3.71
3.72
3.81
3.84
3.86
3.9
3.9
3.96
3.99
4.07
4.1
4.14
4.16
4.17
4.17
4.15
4.14
4.13
4.15
4.13
4.15
4.09
4.08
4.05
4.06
4.04
3.97
3.96
3.89
3.86
3.81
3.78
3.74
3.74
3.71
3.73
3.7
3.66
3.67
3.6
3.57
3.52
3.46
3.48
3.43
3.39
3.32
3.29
3.23
3.17
3.18
3.15
3.13
3.11
3.09
3.02
2.97
2.89
2.81
2.77
2.67
2.65
2.57
2.51
2.43
2.36
2.28
2.16
2.09
1.99
1.96
1.91
1.89
1.85
1.77
1.71
1.62
1.57
1.48
1.41
1.29
1.24
1.16
1.07
1.03
0.9
0.83
0.71
0.65
0.54
0.45
0.34
0.26
0.21
0.15
0.1
0.01
-0.04
-0.13
-0.18
-0.25
-0.3
-0.4
-0.46
-0.51
-0.59
-0.65
-0.75
-0.81
-0.89
-0.95
-1.04
-1.06
-1.1
-1.1
-1.11
-1.17
-1.2
-1.25
-1.28
-1.34
-1.34
-1.38
-1.33
-1.35
-1.35
-1.39
-1.43
-1.45
-1.51
-1.52
-1.55
-1.56
-1.62
-1.65
-1.74
-1.79
-1.83
-1.86
-1.87
-1.9
-1.86
-1.89
-1.86
-1.88
-1.87
-1.91
-1.93
-1.97
-1.97
-1.98
-2.02
-2.03
-2.07
-2.06
-2.07
-2.04
-2.08
-2.08
-2.08
-2.08
-2.08
-2.1
-2.06
-2.04
-2.02
-2
-2
-1.99
-2.02
-2.04
-2.04
-2.05
-2.02
-2.05
-2.03
-1.99
-1.98
-1.93
-1.92
-1.89
-1.84
-1.84
-1.82
-1.82
-1.85
-1.82
-1.84
-1.82
-1.8
-1.82
-1.81
-1.85
-1.85
-1.85
-1.88
-1.85
-1.84
-1.83
-1.8
-1.8
-1.78
-1.78
-1.82
-1.81
-1.8
-1.76
-1.73
-1.74
-1.7
-1.71
-1.7
-1.7
-1.73
-1.73
-1.77
-1.79
-1.79
-1.82
-1.83
-1.87
-1.9
-1.89
-1.89
-1.83
-1.84
-1.85
-1.83
-1.86
-1.85
-1.85
-1.84
-1.78
-1.76
-1.74
-1.72
-1.77
-1.78
-1.82
-1.86
-1.89
-1.91
-1.88
-1.89
-1.94
-1.95
-2
-2.05
-2.1
-2.12
-2.08
-2.11
-2.11
-2.13
-2.17
-2.19
-2.24
-2.28
-2.32
-2.37
-2.37
-2.4
-2.44
-2.43
-2.45
-2.45
-2.44
-2.43
-2.38
-2.36
-2.29
-2.27
-2.27
-2.26
-2.28
-2.25
-2.21
-2.2
-2.14
-2.13
-2.12
-2.09
-2.13
-2.13
-2.17
-2.22
-2.23
-2.26
-2.23
-2.25
-2.28
-2.28
-2.28
-2.25
-2.2
-2.19
-2.12
-2.09
-2.03
-2.01
-1.98
-1.92
-1.9
-1.84
-1.86
-1.8
-1.77
-1.68
-1.63
-1.55
-1.5
-1.42
-1.34
-1.3
-1.21
-1.15
-1.01
-0.91
-0.77
-0.63
-0.43
-0.26
-0.1
0.09
0.2
0.34
0.47
0.67
0.85
1.05
1.22
1.4
1.56
1.74
1.89
2.06
2.27
2.45
2.65
2.77
2.92
3
3.08
3.16
3.22
3.31
3.43
3.56
3.65
3.78
3.84
3.94
3.96
4.02
4.05
4.12
4.21
4.27
4.4
4.49
4.57
4.61
4.66
4.69
4.72
4.74
4.82
4.89
4.93
4.99
4.97
4.98
4.96
4.98
4.94
4.9
4.83
4.83
4.8
4.81
4.82
4.78
4.77
4.71
4.7
4.65
4.65
4.59
4.53
4.46
4.38
4.31
4.22
4.15
4.05
4
3.9
3.89
3.81
3.8
3.74
3.7
3.66
3.59
3.57
3.51
3.46
3.4
3.38
3.34
3.34
3.26
3.2
3.15
3.07
3.03
2.92
2.85
2.77
2.75
2.73
2.73
2.7
2.68
2.63
2.56
2.5
2.41
2.35
2.24
2.21
2.16
2.14
2.07
1.99
1.92
1.83
1.78
1.68
1.62
1.53
1.52
1.44
1.4
1.31
1.25
1.17
1.07
1.05
1.01
0.98
0.87
0.78
0.69
0.65
0.57
0.51
0.4
0.29
0.23
0.12
0.06
-0.08
-0.16
-0.27
-0.35
-0.46
-0.53
-0.6
-0.64
-0.67
-0.77
-0.81
-0.87
-0.88
-0.93
-0.96
-1.01
-1.04
-1.12
-1.19
-1.23
-1.32
-1.37
-1.47
-1.49
-1.57
-1.58
-1.65
-1.69
-1.74
-1.77
-1.8
-1.83
-1.83
-1.9
-1.9
-1.97
-2
-2.05
-2.03
-2.03
-2.02
-2.02
-2.05
-2.01
-2.04
-2.03
-2.08
-2.06
-2.08
-2.06
-2.09
-2.1
-2.1
-2.12
-2.11
-2.15
-2.12
-2.1
-2.07
-2.09
-2.08
-2.11
-2.14
-2.13
-2.12
-2.02
-1.98
-1.94
-1.9
-1.87
-1.82
-1.8
-1.78
-1.72
-1.71
-1.67
-1.65
-1.69
-1.7
-1.76
-1.79
-1.81
-1.86
-1.82
-1.8
-1.79
-1.77
-1.76
-1.75
-1.78
-1.82
-1.81
-1.85
-1.85
-1.84
-1.86
-1.82
-1.83
-1.84
-1.86
-1.9
-1.92
-1.94
-1.94
-1.93
-1.95
-1.94
-1.96
-1.98
-1.94
-1.94
-1.91
-1.9
-1.92
-1.9
-1.9
-1.88
-1.86
-1.88
-1.86
-1.86
-1.84
-1.81
-1.85
-1.85
-1.91
-1.95
-1.96
-2.02
-2.03
-2.05
-2.07
-2.08
-2.13
-2.16
-2.2
-2.25
-2.26
-2.31
-2.3
-2.29
-2.32
-2.29
-2.28
-2.27
-2.26
-2.29
-2.28
-2.28
-2.3
-2.28
-2.32
-2.33
-2.38
-2.46
-2.49
-2.56
-2.57
-2.57
-2.61
-2.62
-2.67
-2.69
-2.69
-2.74
-2.73
-2.73
-2.73
-2.71
-2.74
-2.74
-2.78
-2.83
-2.83
-2.87
-2.87
-2.89
-2.91
-2.92
-2.95
-2.97
-2.98
-3.01
-2.99
-2.97
-2.95
-2.9
-2.92
-2.9
-2.95
-2.96
-2.93
-2.93
-2.88
-2.84
-2.8
-2.72
-2.69
-2.63
-2.57
-2.55
-2.48
-2.46
-2.38
-2.31
-2.19
-2.09
-1.96
-1.85
-1.75
-1.61
-1.53
-1.37
-1.25
-1.07
-0.95
-0.79
-0.64
-0.44
-0.26
-0.12
0.04
0.19
0.38
0.49
0.64
0.75
0.87
1
1.15
1.25
1.4
1.55
1.7
1.88
1.99
2.15
2.23
2.35
2.41
2.48
2.52
2.59
2.68
2.76
2.84
2.9
3.01
3.06
3.13
3.14
3.18
3.19
3.21
3.26
3.29
3.36
3.37
3.39
3.42
3.49
3.51
3.56
3.56
3.61
3.68
3.73
3.8
3.78
3.82
3.8
3.83
3.82
3.83
3.82
3.82
3.82
3.81
3.82
3.79
3.79
3.71
3.7
3.66
3.65
3.6
3.55
3.55
3.49
3.47
3.44
3.42
3.37
3.36
3.31
3.31
3.29
3.29
3.27
3.23
3.25
3.21
3.2
3.13
3.07
3
2.96
2.92
2.97
2.94
2.9
2.93
2.87
2.86
2.76
2.72
2.62
2.56
2.5
2.47
2.43
2.38
2.32
2.26
2.21
2.1
2.05
1.9
1.82
1.74
1.72
1.67
1.62
1.56
1.46
1.39
1.29
1.21
1.1
1.04
0.92
0.88
0.82
0.75
0.68
0.56
0.49
0.38
0.34
0.24
0.17
0.08
0.04
-0.03
-0.08
-0.16
-0.25
-0.29
-0.39
-0.43
-0.48
-0.47
-0.5
-0.5
-0.55
-0.57
-0.6
-0.67
-0.71
-0.77
-0.78
-0.84
-0.86
-0.92
-0.93
-0.95
-0.92
-0.89
-0.87
-0.84
-0.87
-0.84
-0.87
-0.85
-0.91
-0.95
-0.99
-0.98
-1.01
-1.07
-1.08
-1.14
-1.14
-1.2
-1.2
-1.27
-1.27
-1.3
-1.32
-1.36
-1.41
-1.42
-1.47
-1.45
-1.46
-1.43
-1.43
-1.41
-1.44
-1.46
-1.49
-1.48
-1.43
-1.41
-1.38
-1.36
-1.3
-1.28
-1.26
-1.28
-1.28
-1.29
-1.3
-1.33
-1.38
-1.39
-1.38
-1.39
-1.36
-1.4
-1.4
-1.4
-1.41
-1.38
-1.43
-1.46
-1.48
-1.54
-1.56
-1.6
-1.64
-1.64
-1.68
-1.64
-1.64
-1.66
-1.61
-1.63
-1.61
-1.62
-1.65
-1.65
-1.67
-1.66
-1.65
-1.68
-1.68
-1.7
-1.72
-1.69
-1.74
-1.72
-1.73
-1.73
-1.66
-1.64
-1.61
-1.63
-1.65
-1.66
-1.65
-1.61
-1.57
-1.57
-1.54
-1.52
-1.52
-1.51
-1.54
-1.49
-1.5
-1.51
-1.5
-1.53
-1.55
-1.58
-1.61
-1.61
-1.63
-1.62
-1.62
-1.68
-1.68
-1.74
-1.77
-1.78
-1.79
-1.78
-1.8
-1.8
-1.8
-1.85
-1.89
-1.94
-1.99
-1.97
-1.98
-1.9
-1.86
-1.88
-1.87
-1.88
-1.89
-1.93
-1.99
-2.02
-2.07
-2.1
-2.09
-2.14
-2.14
-2.18
-2.19
-2.16
-2.18
-2.13
-2.13
-2.14
-2.12
-2.14
-2.13
-2.14
-2.18
-2.18
-2.2
-2.2
-2.2
-2.23
-2.21
-2.24
-2.26
-2.26
-2.3
-2.29
-2.32
-2.34
-2.34
-2.37
-2.38
-2.42
-2.47
-2.47
-2.51
-2.52
-2.56
-2.59
-2.61
-2.66
-2.63
-2.63
-2.6
-2.63
-2.6
-2.6
-2.57
-2.57
-2.54
-2.5
-2.5
-2.45
-2.46
-2.42
-2.4
-2.33
-2.27
-2.17
-2.02
-1.9
-1.77
-1.67
-1.53
-1.39
-1.27
-1.11
-0.99
-0.84
-0.69
-0.54
-0.42
-0.27
-0.09
0.05
0.19
0.28
0.41
0.5
0.66
0.76
0.86
1
1.09
1.24
1.36
1.53
1.67
1.77
1.88
1.95
2.07
2.14
2.23
2.33
2.44
2.54
2.63
2.76
2.81
2.89
2.92
3
3.04
3.12
3.2
3.27
3.44
3.54
3.69
3.76
3.82
3.86
3.92
3.94
4.03
4.1
4.17
4.25
4.28
4.35
4.36
4.41
4.4
4.4
4.39
4.45
4.45
4.46
4.43
4.37
4.33
4.26
4.24
4.15
4.12
4.08
4.09
4.07
4.04
4.01
3.95
3.9
3.82
3.79
3.71
3.69
3.62
3.62
3.59
3.57
3.56
3.48
3.47
3.41
3.37
3.34
3.34
3.33
3.35
3.35
3.36
3.36
3.28
3.23
3.13
3.11
3.07
3.08
3.06
3.04
2.99
2.92
2.85
2.77
2.69
2.57
2.51
2.43
2.38
2.28
2.23
2.14
2.06
2.01
1.95
1.92
1.84
1.81
1.75
1.75
1.7
1.68
1.61
1.59
1.54
1.47
1.43
1.33
1.29
1.19
1.15
1.09
1.03
0.93
0.86
0.76
0.67
0.62
0.51
0.43
0.3
0.25
0.17
0.15
0.1
0.04
-0.04
-0.12
-0.19
-0.27
-0.31
-0.39
-0.42
-0.48
-0.52
-0.58
-0.63
-0.7
-0.76
-0.82
-0.92
-0.95
-1.01
-1.03
-1.08
-1.13
-1.22
-1.29
-1.36
-1.4
-1.39
-1.47
-1.5
-1.56
-1.56
-1.61
-1.61
-1.62
-1.58
-1.56
-1.57
-1.57
-1.6
-1.58
-1.61
-1.57
-1.57
-1.51
-1.49
-1.47
-1.47
-1.47
-1.46
-1.51
-1.49
-1.53
-1.51
-1.54
-1.54
-1.56
-1.57
-1.6
-1.6
-1.61
-1.64
-1.63
-1.66
-1.65
-1.64
-1.68
-1.66
-1.7
-1.7
-1.69
-1.71
-1.67
-1.66
-1.67
-1.63
-1.62
-1.58
-1.54
-1.52
-1.47
-1.45
-1.38
-1.34
-1.33
-1.31
-1.32
-1.3
-1.26
-1.27
-1.24
-1.19
-1.13
-1.06
-1.07
-1.02
-1.01
-1.01
-0.99
-1
-0.96
-0.96
-0.99
-1
-1.05
-1.07
-1.09
-1.13
-1.13
-1.16
-1.15
-1.1
-1.11
-1.1
-1.16
-1.21
-1.23
-1.28
-1.29
-1.32
-1.36
-1.35
-1.38
-1.39
-1.41
-1.46
-1.47
-1.51
-1.52
-1.51
-1.55
-1.53
-1.53
-1.53
-1.51
-1.56
-1.54
-1.56
-1.62
-1.64
-1.7
-1.7
-1.7
-1.73
-1.71
-1.75
-1.73
-1.72
-1.73
-1.7
-1.71
-1.72
-1.68
-1.72
-1.7
-1.72
-1.74
-1.72
-1.74
-1.73
-1.75
-1.8
-1.83
-1.87
-1.86
-1.83
-1.82
-1.77
-1.8
-1.8
-1.78
-1.82
-1.82
-1.86
-1.86
-1.87
-1.9
-1.93
-1.98
-2.01
-2
-2.03
-2.01
-2.02
-2.05
-2.04
-2.09
-2.07
-2.06
-2.06
-2.03
-2.02
-1.98
-1.91
-1.88
-1.84
-1.81
-1.79
-1.73
-1.72
-1.63
-1.57
-1.5
-1.4
-1.34
-1.24
-1.19
-1.09
-1.05
-0.94
-0.85
-0.76
-0.65
-0.56
-0.44
-0.37
-0.26
-0.18
-0.06
0.05
0.16
0.25
0.31
0.43
0.47
0.56
0.66
0.77
0.86
0.97
1.09
1.23
1.33
1.45
1.57
1.66
1.74
1.78
1.88
1.93
2.04
2.11
2.19
2.24
2.33
2.41
2.45
2.51
2.53
2.57
2.57
2.65
2.69
2.76
2.79
2.82
2.87
2.9
2.98
3.02
3.06
3.05
3.1
3.13
3.2
3.19
3.2
3.22
3.21
3.25
3.21
3.21
3.21
3.24
3.25
3.27
3.25
3.27
3.26
3.25
3.25
3.24
3.26
3.2
3.23
3.21
3.22
3.2
3.15
3.11
3.05
3.03
2.97
2.92
2.88
2.92
2.87
2.88
2.85
2.85
2.81
2.71
2.65
2.53
2.45
2.36
2.29
2.19
2.15
2.1
2.06
1.99
1.89
1.83
1.76
1.79
1.76
1.76
1.72
1.69
1.67
1.65
1.61
1.59
1.56
1.52
1.53
1.55
1.6
1.56
1.55
1.53
1.52
1.48
1.47
1.41
1.4
1.34
1.34
1.33
1.35
1.36
1.31
1.31
1.27
1.28
1.26
1.25
1.23
1.21
1.17
1.14
1.1
1.06
1.08
1.06
1.15
1.15
1.24
1.32
1.41
1.5
1.59
1.69
1.81
1.93
2.07
2.31
2.66
3.29
4.09
5.08
6.11
7.18
8.16
8.89
9.32
9.38
9.14
8.62
7.93
7
6.01
4.9
3.84
2.87
2.08
1.57
1.37
1.58
2.18
3.32
4.93
7.05
9.64
12.74
16.33
20.38
24.92
29.86
35.24
40.95
46.96
53.2
59.69
66.32
73.09
79.96
86.87
93.85
100.78
107.71
114.56
121.38
128.07
134.68
141.14
147.52
153.74
159.82
165.74
171.45
177.02
182.38
187.53
192.54
197.34
201.97
206.4
210.64
214.75
218.61
222.3
225.81
229.11
232.26
235.2
237.98
240.63
243.06
245.37
247.48
249.43
251.28
252.94
254.47
255.84
257.07
258.21
259.2
260.09
260.88
261.5
262.05
262.45
262.76
263
263.1
263.14
263.05
262.86
262.63
262.3
261.93
261.47
260.91
260.32
259.64
258.91
258.09
257.19
256.26
255.26
254.24
253.16
252
250.85
249.61
248.34
247.03
245.65
244.29
242.87
241.43
240
238.49
236.99
235.43
233.84
232.25
230.59
228.95
227.27
225.54
223.85
222.08
220.32
218.55
216.73
214.93
213.08
211.19
209.32
207.39
205.5
203.58
201.63
199.7
197.73
195.78
193.81
191.81
189.84
187.83
185.87
183.9
181.88
179.9
177.89
175.88
173.88
171.84
169.82
167.77
165.73
163.7
161.64
159.62
157.55
155.46
153.4
151.3
149.24
147.16
145.05
142.96
140.82
138.72
136.64
134.5
132.41
130.28
128.14
126.05
123.92
121.83
119.72
117.61
115.51
113.39
111.29
109.18
107.08
105.01
102.9
100.83
98.74
96.61
94.55
92.45
90.37
88.32
86.22
84.16
82.07
80
77.98
75.95
73.99
72.09
70.19
68.31
66.38
64.44
62.44
60.3
58.13
55.88
53.61
51.35
49.03
46.75
44.44
42.14
39.92
37.71
35.6
33.54
31.56
29.68
27.85
26.13
24.49
22.93
21.48
20.09
18.8
17.58
16.45
15.38
14.37
13.44
12.55
11.71
10.93
10.22
9.54
8.92
8.33
7.8
7.28
6.8
6.33
5.9
5.49
5.1
4.74
4.41
4.11
3.85
3.58
3.35
3.12
2.89
2.66
2.46
2.26
2.09
1.93
1.82
1.71
1.6
1.49
1.39
1.29
1.19
1.11
1.03
0.96
0.87
0.79
0.7
0.63
0.58
0.51
0.47
0.43
0.39
0.36
0.33
0.28
0.24
0.19
0.15
0.11
0.09
0.06
0.05
0.02
0
-0.03
-0.05
-0.05
-0.05
-0.07
-0.09
-0.11
-0.11
-0.13
-0.14
-0.15
-0.17
-0.2
-0.23
-0.26
-0.27
-0.28
-0.29
-0.3
-0.3
-0.29
-0.27
-0.26
-0.24
-0.24
-0.24
-0.24
-0.26
-0.27
-0.28
-0.27
-0.26
-0.26
-0.27
-0.28
-0.29
-0.3
-0.31
-0.32
-0.33
-0.34
-0.36
-0.38
-0.39
-0.4
-0.42
-0.42
-0.43
-0.44
-0.43
-0.42
-0.41
-0.39
-0.38
-0.36
-0.36
-0.34
-0.32
-0.32
-0.31
-0.29
-0.3
-0.3
-0.3
-0.3
-0.3
-0.29
-0.28
-0.27
-0.26
-0.27
-0.27
-0.25
-0.23
-0.22
-0.21
-0.19
-0.19
-0.18
-0.19
-0.18
-0.19
-0.19
-0.19
-0.19
-0.18
-0.18
-0.18
-0.18
-0.17
-0.16
-0.15
-0.14
-0.14
-0.14
-0.16
-0.17
-0.17
-0.19
-0.2
-0.22
-0.24
-0.27
-0.3
-0.32
-0.33
-0.34
-0.34
-0.35
-0.34
-0.33
-0.32
-0.33
-0.34
-0.35
-0.36
-0.38
-0.4
-0.42
-0.42
-0.42
-0.4
-0.37
-0.33
-0.31
-0.29
-0.28
-0.29
-0.31
-0.31
-0.32
-0.32
-0.31
-0.28
-0.26
-0.24
-0.21
-0.2
-0.19
-0.18
-0.16
-0.15
-0.15
-0.15
-0.13
-0.1
-0.09
-0.08
-0.07
-0.05
-0.03
-0.02
-0.02
-0.02
-0.01
-0.02
-0.01
-0.01
-0.02
-0.02
-0.02
-0.01
-0.01
-0.01
0.01
0.02
0.05
0.07
0.09
0.1
0.1
0.1
0.08
0.05
0.02
0
-0.01
-0.01
-0.01
-0.02
-0.03
-0.04
-0.04
-0.05
-0.06
-0.07
-0.06
-0.07
-0.08
-0.09
-0.1
-0.1
-0.11
-0.12
-0.13
-0.11
-0.09
-0.09
-0.08
-0.07
-0.06
-0.03
-0.02
-0.01
-0.02
-0.02
0
0.01
0.02
0.02
0.03
0.03
0.01
0.02
0.01
0.01
0
-0.01
-0.03
-0.05
-0.06
-0.07
-0.08
-0.1
-0.11
-0.13
-0.15
-0.16
-0.17
-0.17
-0.17
-0.17
-0.17
-0.19
-0.18
-0.17
-0.16
-0.15
-0.13
-0.13
-0.12
-0.13
-0.13
-0.12
-0.14
-0.15
-0.18
-0.21
-0.23
-0.24
-0.24
-0.22
-0.2
-0.19
-0.17
-0.15
-0.14
-0.13
-0.13
-0.13
-0.13
-0.14
-0.13
-0.12
-0.11
-0.1
-0.08
-0.07
-0.05
-0.05
-0.05
-0.05
-0.05
-0.06
-0.09
-0.1
-0.1
-0.11
-0.11
-0.13
-0.15
-0.17
-0.18
-0.19
-0.19
-0.2
-0.2
-0.2
-0.2
-0.19
-0.17
-0.16
-0.14
-0.14
-0.15
-0.15
-0.15
-0.15
-0.15
-0.16
-0.16
-0.15
-0.14
-0.14
-0.14
-0.13
-0.12
-0.11
-0.09
-0.08
-0.06
-0.07
-0.07
-0.08
-0.09
-0.11
-0.12
-0.14
-0.16
-0.17
-0.17
-0.17
-0.16
-0.18
-0.17
-0.17
-0.17
-0.18
-0.16
-0.16
-0.16
-0.16
-0.14
-0.11
-0.09
-0.09
-0.08
-0.09
-0.08
-0.07
-0.04
-0.03
-0.03
-0.02
-0.01
-0.01
-0.01
-0.01
-0.01
0.01
0
-0.01
-0.01
-0.02
-0.02
-0.03
-0.04
-0.06
-0.08
-0.1
-0.11
-0.14
-0.15
-0.16
-0.15
-0.14
-0.13
-0.15
-0.16
-0.17
-0.17
-0.18
-0.19
-0.19
-0.2
-0.2
-0.2
-0.19
-0.18
-0.18
-0.18
-0.18
-0.18
-0.19
-0.21
-0.22
-0.22
-0.23
-0.22
-0.22
-0.22
-0.23
-0.23
-0.23
-0.22
-0.2
-0.2
-0.19
-0.18
-0.16
-0.14
-0.13
-0.12
-0.13
-0.12
-0.1
-0.09
-0.07
-0.06
-0.04
-0.03
-0.02
0
0.02
0.02
0.03
0.03
0.01
-0.01
-0.02
-0.02
-0.01
-0.01
-0.03
-0.02
-0.04
-0.05
-0.06
-0.05
-0.07
-0.06
-0.06
-0.06
-0.06
-0.03
-0.01
0.01
0.02
0.03
0.03
0.02
0.02
0.02
0.02
0.01
-0.02
-0.02
-0.02
-0.02
-0.02
-0.01
0
0.01
0.01
0.03
0.04
0.05
0.08
0.1
0.1
0.1
0.09
0.08
0.08
0.1
0.1
0.11
0.11
0.12
0.12
0.12
0.1
0.07
0.04
0.03
0.01
0
0.01
0
-0.01
0
0
0.02
0.02
0.03
0.03
0.04
0.04
0.03
0.01
-0.01
-0.03
-0.05
-0.06
-0.07
-0.05
-0.04
-0.04
-0.05
-0.07
-0.07
-0.09
-0.1
-0.11
-0.1
-0.09
-0.07
-0.04
-0.02
0
0
0
-0.01
-0.01
-0.02
-0.03
-0.03
-0.04
-0.04
-0.04
-0.04
-0.04
-0.05
-0.05
-0.03
-0.03
-0.01
0
0.02
0.02
0.01
0
0
-0.01
-0.02
-0.02
-0.03
-0.03
-0.03
-0.03
-0.02
-0.03
-0.03
-0.04
-0.04
-0.03
-0.02
-0.01
0
0
0
-0.01
-0.04
-0.06
-0.07
-0.09
-0.12
-0.13
-0.13
-0.12
-0.12
-0.11
-0.09
-0.06
-0.03
-0.01
-0.01
0.01
0.05
0.08
0.11
0.12
0.13
0.12
0.09
0.07
0.05
0.03
0.01
-0.01
-0.03
-0.06
-0.07
-0.1
-0.12
-0.14
-0.15
-0.16
-0.15
-0.16
-0.16
-0.17
-0.18
-0.18
-0.15
-0.13
-0.12
-0.12
-0.12
-0.13
-0.14
-0.15
-0.16
-0.16
-0.14
-0.12
-0.09
-0.05
-0.02
0.01
0.03
0.05
0.06
0.06
0.05
0.04
0.04
0.03
0.04
0.03
0.04
0.04
0.03
0.03
0.02
0.01
0.01
-0.02
-0.04
-0.06
-0.07
-0.08
-0.06
-0.04
-0.03
-0.02
-0.02
-0.02
-0.02
-0.03
-0.04
-0.02
0.01
0.04
0.06
0.07
0.09
0.09
0.08
0.08
0.08
0.08
0.07
0.08
0.08
0.1
0.12
0.14
0.15
0.15
0.14
0.14
0.12
0.11
0.11
0.09
0.1
0.11
0.13
0.14
0.15
0.15
0.14
0.13
0.12
0.09
0.07
0.07
0.07
0.07
0.07
0.07
0.09
0.08
0.07
0.06
0.04
0.03
0.02
0
0
0
0
0.02
0.04
0.04
0.03
0.02
0.01
0.02
0.03
0.02
0.03
0.02
0.02
0.02
0.01
0.01
-0.01
-0.02
-0.03
-0.04
-0.06
-0.09
-0.11
-0.13
-0.12
-0.13
-0.14
-0.16
-0.18
-0.2
-0.21
-0.21
-0.21
-0.21
-0.2
-0.19
-0.17
-0.17
-0.17
-0.17
-0.17
-0.16
-0.15
-0.15
-0.15
-0.14
-0.13
-0.12
-0.13
-0.15
-0.17
-0.18
-0.19
-0.19
-0.2
-0.19
-0.19
-0.18
-0.17
-0.16
-0.15
-0.15
-0.14
-0.15
-0.15
-0.14
-0.12
-0.11
-0.09
-0.07
-0.05
-0.03
-0.01
-0.01
0
0.02
0.03
0.02
0.01
0.01
0.01
0
-0.01
-0.03
-0.04
-0.06
-0.06
-0.07
-0.11
-0.12
-0.14
-0.15
-0.16
-0.18
-0.18
-0.18
-0.18
-0.18
-0.18
-0.17
-0.16
-0.14
-0.12
-0.11
-0.12
-0.12
-0.13
-0.14
-0.15
-0.15
-0.13
-0.11
-0.09
-0.06
-0.05
-0.03
-0.03
-0.04
-0.05
-0.06
-0.09
-0.13
-0.15
-0.16
-0.16
-0.16
-0.15
-0.13
-0.1
-0.09
-0.08
-0.07
-0.07
-0.06
-0.07
-0.07
-0.06
-0.05
-0.05
-0.04
-0.02
-0.02
0
0.01
0.03
0.05
0.06
0.07
0.09
0.12
0.16
0.18
0.19
0.18
0.17
0.14
0.11
0.09
0.08
0.07
0.08
0.09
0.11
0.14
0.14
0.14
0.14
0.14
0.14
0.13
0.11
0.11
0.11
0.12
0.12
0.12
0.12
0.11
0.11
0.09
0.07
0.05
0.04
0.03
0.04
0.04
0.05
0.06
0.07
0.08
0.09
0.08
0.08
0.06
0.04
0.04
0.02
0.01
0.01
0.01
0.02
0.05
0.08
0.09
0.1
0.12
0.13
0.14
0.15
0.15
0.15
0.14
0.14
0.17
0.18
0.2
0.2
0.19
0.19
0.19
0.19
0.2
0.21
0.22
0.23
0.21
0.18
0.14
0.13
0.1
0.08
0.06
0.04
0.02
0.01
0
0
0.01
0.02
0.03
0.04
0.04
0.03
0.02
0.03
0.02
0.02
0.02
0.02
0.02
0.02
0.02
0.01
-0.03
-0.04
-0.06
-0.09
-0.12
-0.15
-0.18
-0.18
-0.19
-0.2
-0.2
-0.19
-0.17
-0.17
-0.16
-0.16
-0.14
-0.11
-0.09
-0.08
-0.07
-0.08
-0.08
-0.11
-0.12
-0.13
-0.12
-0.12
-0.1
-0.1
-0.08
-0.08
-0.09
-0.1
-0.13
-0.14
-0.15
-0.16
-0.15
-0.15
-0.14
-0.13
-0.12
-0.11
-0.09
-0.06
-0.05
-0.04
-0.03
-0.02
0
0.01
0.03
0.04
0.04
0.04
0.05
0.06
0.05
0.04
0.02
0.02
0.02
0.02
0.03
0.04
0.04
0.04
0.05
0.05
0.06
0.05
0.03
0.02
0.01
0.01
0.02
0.04
0.05
0.06
0.08
0.09
0.1
0.09
0.09
0.09
0.08
0.06
0.05
0.05
0.06
0.08
0.1
0.11
0.11
0.11
0.11
0.1
0.09
0.08
0.08
0.06
0.05
0.05
0.04
0.05
0.06
0.06
0.06
0.05
0.04
0.02
0.02
0.02
0.03
0.04
0.04
0.06
0.08
0.11
0.13
0.14
0.14
0.14
0.14
0.15
0.14
0.13
0.13
0.13
0.14
0.15
0.14
0.13
0.12
0.1
0.09
0.08
0.08
0.08
0.06
0.07
0.08
0.08
0.08
0.07
0.06
0.05
0.04
0.01
-0.03
-0.07
-0.09
-0.11
-0.12
-0.12
-0.12
-0.12
-0.12
-0.11
-0.09
-0.09
-0.08
-0.07
-0.06
-0.04
-0.03
-0.02
-0.02
-0.02
-0.02
-0.03
-0.03
-0.04
-0.03
-0.02
-0.01
-0.01
-0.01
-0.01
-0.01
-0.02
-0.02
-0.01
0.01
0.01
0.03
0.04
0.05
0.07
0.09
0.11
0.11
0.12
0.12
0.1
0.08
0.07
0.06
0.05
0.05
0.05
0.06
0.05
0.05
0.04
0.02
0.02
0.01
0
-0.01
-0.01
-0.01
-0.01
-0.01
0
0.02
0.02
0.03
0.02
0.02
0.01
0
0
-0.01
-0.01
-0.02
-0.02
-0.02
-0.02
-0.03
-0.06
-0.1
-0.12
-0.13
-0.13
-0.14
-0.14
-0.13
-0.12
-0.11
-0.1
-0.1
-0.08
-0.07
-0.05
-0.03
-0.01
0.02
0.04
0.06
0.07
0.06
0.06
0.04
0.04
0.03
0.03
0.02
0.02
0.02
0.05
0.07
0.09
0.1
0.1
0.1
0.11
0.1
0.11
0.12
0.11
0.09
0.07
0.08
0.08
0.08
0.08
0.07
0.08
0.07
0.04
0.01
0
-0.01
-0.02
-0.04
-0.04
-0.05
-0.06
-0.06
-0.07
-0.1
-0.13
-0.14
-0.15
-0.16
-0.16
-0.16
-0.15
-0.14
-0.14
-0.13
-0.11
-0.08
-0.05
-0.02
0
0.01
0.03
0.06
0.07
0.08
0.08
0.07
0.06
0.05
0.06
0.06
0.06
0.05
0.05
0.04
0.04
0.03
0.02
0.01
0.02
0.02
0.02
0.04
0.04
0.05
0.06
0.07
0.08
0.09
0.09
0.08
0.07
0.05
0.02
0.01
-0.01
-0.02
-0.02
-0.03
-0.03
-0.03
-0.05
-0.06
-0.06
-0.06
-0.07
-0.06
-0.05
-0.04
-0.02
-0.01
0.01
0.02
0.02
0.03
0.03
0.03
0.01
0
0
-0.01
0
0
-0.01
-0.02
-0.02
-0.02
-0.01
0.01
0.02
0.04
0.03
0.04
0.05
0.06
0.07
0.07
0.06
0.06
0.05
0.06
0.09
0.11
0.13
0.14
0.15
0.16
0.16
0.16
0.17
0.16
0.17
0.16
0.16
0.16
0.15
0.15
0.16
0.16
0.17
0.18
0.17
0.18
0.18
0.17
0.16
0.15
0.16
0.16
0.15
0.14
0.13
0.12
0.11
0.1
0.09
0.07
0.04
0.02
0.02
0.01
0
-0.01
-0.02
-0.02
-0.01
0
0
-0.01
-0.02
-0.04
-0.08
-0.1
-0.11
-0.13
-0.13
-0.15
-0.17
-0.18
-0.19
-0.2
-0.19
-0.17
-0.14
-0.11
-0.07
-0.04
-0.01
0.01
0.03
0.04
0.05
0.06
0.07
0.08
0.08
0.09
0.09
0.1
0.09
0.1
0.11
0.11
0.1
0.08
0.05
0.02
-0.01
-0.03
-0.05
-0.06
-0.06
-0.07
-0.08
-0.08
-0.08
-0.09
-0.1
-0.11
-0.12
-0.12
-0.11
-0.09
-0.09
-0.1
-0.09
-0.08
-0.09
-0.12
-0.14
-0.13
-0.13
-0.12
-0.12
-0.11
-0.09
-0.08
-0.08
-0.06
-0.05
-0.01
0.01
0.03
0.04
0.06
0.07
0.06
0.05
0.04
0.03
0.03
0.03
0.01
-0.01
-0.02
-0.04
-0.04
-0.03
-0.03
-0.01
-0.02
-0.01
-0.01
-0.02
-0.02
-0.01
-0.01
0
0
0
-0.01
-0.02
-0.05
-0.07
-0.08
-0.09
-0.09
-0.1
-0.08
-0.06
-0.03
-0.02
0
0.02
0.04
0.05
0.04
0.03
0.02
0.03
0.03
0.04
0.04
0.04
0.04
0.03
0.02
0.01
0.01
0.01
0.01
0.01
0
-0.02
-0.04
-0.06
-0.08
-0.09
-0.09
-0.09
-0.08
-0.08
-0.06
-0.04
-0.02
-0.01
0.01
0.02
0.02
0.04
0.05
0.05
0.05
0.05
0.05
0.05
0.05
0.04
0.02
-0.01
-0.04
-0.05
-0.06
-0.06
-0.06
-0.05
-0.04
-0.03
-0.02
-0.02
-0.02
-0.02
-0.02
-0.02
-0.02
0
0.03
0.05
0.06
0.08
0.1
0.11
0.12
0.12
0.12
0.12
0.11
0.08
0.07
0.06
0.05
0.05
0.03
0.01
-0.01
-0.02
-0.04
-0.06
-0.08
-0.1
-0.13
-0.13
-0.12
-0.11
-0.1
-0.09
-0.09
-0.08
-0.08
-0.06
-0.04
-0.01
0.02
0.05
0.07
0.08
0.08
0.09
0.08
0.06
0.04
0.02
0
-0.02
-0.03
-0.04
-0.04
-0.03
-0.03
-0.02
-0.02
-0.03
-0.02
-0.03
-0.03
-0.05
-0.05
-0.05
-0.07
-0.08
-0.08
-0.08
-0.09
-0.08
-0.07
-0.04
-0.03
-0.01
0
0.02
0.04
0.06
0.07
0.06
0.07
0.08
0.09
0.09
0.09
0.1
0.12
0.13
0.14
0.13
0.13
0.13
0.11
0.1
0.08
0.05
0.03
0.01
0
-0.01
-0.01
-0.02
-0.02
-0.02
-0.02
-0.02
0
0
0.01
0.01
0.01
0.03
0.05
0.07
0.08
0.08
0.07
0.05
0.03
0
-0.02
-0.04
-0.05
-0.05
-0.05
-0.05
-0.06
-0.06
-0.08
-0.09
-0.1
-0.11
-0.11
-0.11
-0.09
-0.06
-0.05
-0.05
-0.05
-0.05
-0.05
-0.07
-0.08
-0.08
-0.08
-0.09
-0.09
-0.09
-0.09
-0.09
-0.09
-0.09
-0.09
-0.07
-0.06
-0.04
-0.03
-0.03
-0.04
-0.06
-0.06
-0.08
-0.08
-0.08
-0.06
-0.04
-0.02
0
0.02
0.03
0.04
0.05
0.03
0.02
0
-0.02
-0.04
-0.05
-0.06
-0.05
-0.05
-0.06
-0.07
-0.08
-0.1
-0.11
-0.11
-0.11
-0.1
-0.09
-0.08
-0.07
-0.06
-0.05
-0.04
-0.05
-0.04
-0.03
0
0.02
0.04
0.06
0.07
0.09
0.12
0.14
0.16
0.16
0.16
0.15
0.16
0.17
0.17
0.17
0.17
0.17
0.18
0.19
0.18
0.17
0.16
0.15
0.15
0.14
0.15
0.15
0.16
0.17
0.18
0.18
0.17
0.15
0.13
0.1
0.07
0.04
0.02
0.01
0
0
0
-0.02
-0.03
-0.04
-0.04
-0.06
-0.05
-0.03
-0.03
-0.02
-0.01
0
-0.01
-0.02
-0.03
-0.05
-0.06
-0.07
-0.06
-0.06
-0.05
-0.04
0
0.01
0
0
0
-0.01
-0.02
-0.05
-0.06
-0.07
-0.07
-0.07
-0.06
-0.04
-0.03
-0.02
-0.02
-0.02
-0.01
0
0.01
0.01
0.01
0.02
0.04
0.05
0.05
0.05
0.05
0.05
0.05
0.05
0.05
0.06
0.06
0.07
0.08
0.08
0.09
0.09
0.08
0.07
0.07
0.06
0.07
0.07
0.07
0.07
0.06
0.07
0.09
0.11
0.11
0.1
0.09
0.06
0.03
0
-0.01
-0.02
-0.02
-0.01
0.01
0.02
0.04
0.04
0.04
0.02
0
-0.03
-0.05
-0.06
-0.07
-0.07
-0.1
-0.11
-0.12
-0.13
-0.14
-0.13
-0.13
-0.12
-0.12
-0.1
-0.08
-0.06
-0.05
-0.04
-0.04
-0.02
-0.01
0.01
0.04
0.06
0.07
0.07
0.09
0.11
0.12
0.12
0.13
0.14
0.12
0.08
0.07
0.06
0.05
0.05
0.04
0.01
-0.02
-0.05
-0.08
-0.11
-0.13
-0.16
-0.18
-0.2
-0.22
-0.23
-0.23
-0.23
-0.22
-0.22
-0.22
-0.21
-0.2
-0.2
-0.18
-0.18
-0.15
-0.14
-0.15
-0.16
-0.17
-0.17
-0.16
-0.15
-0.13
-0.11
-0.08
-0.05
-0.03
-0.01
0.01
0.03
0.04
0.05
0.07
0.09
0.12
0.13
0.15
0.17
0.19
0.2
0.21
0.21
0.21
0.19
0.19
0.16
0.13
0.12
0.11
0.1
0.1
0.08
0.05
0.03
0.01
-0.01
-0.03
-0.03
-0.02
-0.02
0
0.01
0.02
0.03
0.06
0.08
0.09
0.09
0.1
0.1
0.11
0.11
0.12
0.12
0.11
0.11
0.13
0.15
0.17
0.17
0.17
0.16
0.13
0.12
0.13
0.12
0.11
0.11
0.11
0.12
0.1
0.08
0.07
0.05
0.03
0.01
-0.02
-0.05
-0.07
-0.09
-0.1
-0.11
-0.13
-0.15
-0.16
-0.16
-0.17
-0.17
-0.16
-0.14
-0.13
-0.12
-0.13
-0.16
-0.18
-0.19
-0.2
-0.2
-0.2
-0.19
-0.18
-0.16
-0.14
-0.12
-0.1
-0.08
-0.07
-0.08
-0.07
-0.07
-0.07
-0.06
-0.05
-0.04
-0.02
-0.02
-0.02
-0.03
-0.04
-0.07
-0.09
-0.1
-0.1
-0.1
-0.11
-0.1
-0.08
-0.07
-0.07
-0.07
-0.08
-0.07
-0.06
-0.04
-0.02
0
0.01
0.02
0.03
0.03
0.01
-0.01
-0.03
-0.02
-0.03
-0.02
-0.01
0
0
-0.01
-0.02
-0.03
-0.03
-0.04
-0.04
-0.05
-0.06
-0.06
-0.06
-0.06
-0.06
-0.07
-0.08
-0.09
-0.09
-0.09
-0.1
-0.08
-0.06
-0.05
-0.03
-0.01
0
-0.01
-0.01
-0.02
-0.03
-0.02
-0.02
0
0.03
0.04
0.06
0.06
0.07
0.07
0.06
0.04
0.01
0
-0.01
-0.02
-0.01
-0.01
0
-0.01
-0.02
-0.03
-0.05
-0.08
-0.08
-0.09
-0.1
-0.1
-0.08
-0.07
-0.04
-0.02
0
0.02
0.04
0.06
0.09
0.11
0.13
0.14
0.15
0.13
0.11
0.09
0.06
0.04
0.01
-0.03
-0.07
-0.11
-0.12
-0.14
-0.15
-0.15
-0.17
-0.18
-0.21
-0.21
-0.22
-0.22
-0.21
-0.18
-0.17
-0.15
-0.15
-0.15
-0.15
-0.14
-0.11
-0.11
-0.09
-0.07
-0.05
-0.04
-0.03
-0.02
-0.01
-0.01
-0.01
0
0
-0.01
0.01
0.01
0.02
0.02
0.01
0
-0.02
-0.04
-0.05
-0.05
-0.04
-0.02
-0.01
0
0.01
0.02
0.02
0.01
-0.01
-0.02
-0.04
-0.05
-0.06
-0.08
-0.08
-0.07
-0.05
-0.03
-0.01
0.01
0.02
0.02
0.02
0
0
-0.01
0
0
-0.01
0.01
0.01
0.01
0.01
0
0
0.03
0.03
0.03
0.02
0.02
0.02
0.02
0.01
-0.02
-0.04
-0.06
-0.08
-0.1
-0.1
-0.1
-0.09
-0.1
-0.09
-0.11
-0.14
-0.15
-0.17
-0.18
-0.2
